0.000013557485148086412
0.00011906459571587998
0.00001013871680846295
0.000011924315559094312
0.000057134804901299595
0.00037988831175627416
0.0010253604845149914
0.000012446929827571785
0.00010821599452606847
0.000030237590550325714
0.00002805132086052829
0.000017372569307971956
0.004147553937015295
0.00015985463937054665
0.00001408880965437184
0.0004858135137388497
0.00006549663319693913
0.00003301615641106427
0.00005354183180551698
0.000014367537264226492
0.000016675750283335327
0.00001478127356010449
0.000010339052278045981
0.0001543671895515332
0.000023234559352727596
0.00014177218568122614
0.000052683873381433124
0.000018922991637788454
0.000018888150686556623
0.000063458437549877
0.00002936656676952993
0.000018565871887662182
0.00011801065694111708
0.00016953171357518784
0.000010953124043507011
0.0000300546755563586
0.00002175817404427874
0.000013418121343159085
0.000029214137607890667
0.00002394008861517218
0.00003250660749929874
0.000048768621486756065
0.000011619457235815787
0.00007014790018638864
0.0001434314859836421
0.0007659042758104467
0.00007438978599886412
0.0000166191337375836
0.00006127652297898355
0.00003434011255787387
0.0006179216905721466
0.0002895152393798074
0.00006741724063359384
0.000011480093430888462
0.0000508285927283381
0.000014789983797912449
0.00007561357441088219
0.00003171397585877457
0.0000457026177783549
0.000020290498973637836
0.00019305371077557804
0.00006001789361573364
0.00009454527628647861
0.000014515611306961776
0.00003862119444048516
0.00007883636239982661
0.0021049160686710967
0.0000108311807141956
0.0005675982916366701
0.000024819822633775926
0.0311387125578669
0.000042301269914347356
0.000016275079344169265
0.000011332019388153178
0.0000616379978480138
0.000025534062134028472
0.000027184652198636486
0.00004219239194174788
0.0001180498530112529
0.0002787842264004033
0.0000126298448215389
0.000030085161388686453
0.000024266722532970602
0.000025268399880885755
0.00001801277178685686
0.00003033775828511723
0.000016971898368805894
0.0000285042532265421
0.00002973675187636814
0.00001585263281048331
0.000010360827872565876
0.000013270047300423801
0.00009069535117536124
0.00003835117706843846
0.00002367007124312549
0.00006171203486938145
0.000013496513483430706
0.00007939381761953591
0.000014789983797912449
0.000052723069451568936
0.00009525951578673115
0.00009351746822513957
0.000020477769086508933
0.000010783274406251832
0.000024449637526937718
0.00005103763843572909
0.00006962093079900718
0.00008105747304085586
0.000012560162919075235
0.00041052657324576594
0.00003458835433540067
0.00016829050468755385
0.0000769157549631719
0.0000432637511921267
0.000025464380231564806
0.000018230527732055805
0.00004622958716573635
0.000025285820356501672
0.00024190072440260572
0.0002825383388956331
0.00005974352112478297
0.00008870941695514684
0.000010796339762963769
0.00008170638575754871
0.00011889474607862481
0.000023526352319294183
0.000010809405119675707
0.00007343165983998876
0.000053049703369367354
0.00008022564533019588
0.00014714204728983216
0.0011891608616125431
0.000015303887828581963
0.00002728917505233198
0.00004033711128865286
0.000037763236016401305
0.00015323921375540265
0.000026322338655648656
0.00007145443585758231
0.00002330424125519126
0.0006057099371653897
0.000026810111972894297
0.000013065356711936793
0.000020255658022406005
0.000010691816909268275
0.00007970303106171842
0.00004615555014436871
0.000057474504175809946
0.000016806403850454693
0.000048254717456086555
0.0021959162781697364
0.0015001381269511586
0.000025956508667714425
0.00004733143224844302
0.000014563517614905544
0.000010456640488453413
0.00001209852031525347
0.000025364212496773293
0.0012732712730050882
0.00014883618854347996
0.00003161816324288704
0.00004977029883467122
0.000018448283677254752
0.0000213313723916888
0.00002194979927605381
0.00007405879696216171
0.000018056322975896646
0.0007504915100092652
0.00007027419863460403
0.000010208398710926614
0.00003286372724942501
0.000024127358728043277
0.00009491110627441284
0.00036870436641085627
0.0000865057267897335
0.00003689221223560552
0.000010391313704893728
0.00002994144246485515
0.00010959656721862978
0.00002838666501613467
0.0006679228107087287
0.00001892734675669243
0.000013061001593032813
0.00002677091590275849
0.0008307171553394612
0.000011170879988705958
0.0001253664527699375
0.000029924021989239233
0.000010012418360247561
0.0001227011200007024
0.000014223818340395188
0.0000178385670306977
0.00001840037736931098
0.000044914341256734714
0.000010609069650092676
0.0008128698780709555
0.000012577583394691151
0.000022280788312756208
0.000013722979666437611
0.000012494836135515552
0.00006322326112906214
0.000010661331076940423
0.00018190896150029596
0.000010974899638026905
0.00003906106144978703
0.00007212947928769905
0.00010527193414697871
0.00001413671596231561
0.0000631274485131746
0.000036970604375877144
0.000013740400142053527
0.00003449689683841711
0.00007384539613586675
0.00002717158684192455
0.000012198688050044984
0.00010754095109595174
0.000022171910340156737
0.000013892829303692789
0.00022100050878241085
0.00001848747974739056
0.0000537029712049642
0.00001917558853421923
0.00008566518884126557
0.000012851955885641824
0.00024143908179878395
0.00005343730895182148
0.000010452285369549433
0.000011928670677998291
0.000027232558506580254
0.0000122161085256609
0.00011053727290188924
0.00007776935826835176
0.00012583245049266326
0.000021723333093046908
0.00001470723653873685
0.001577772476533487
0.000020521320275548723
0.0005433533446982194
0.00001332230872727155
0.000014280434886146914
0.000017485802399475405
0.000032733073682305645
0.002116679244830744
0.00004594650443697772
0.0009774454663334152
0.000011101198086242294
0.00003281146582257726
0.000012925992907009466
0.000043285526786646595
0.000014872731057088048
0.000010639555482420528
0.000017276756692084417
0.00001014307192736693
0.00013907636707966318
0.00015534709130492845
0.00001955883899776938
0.00002040373206514129
0.000011001030351450779
0.00004134749887437597
0.00042893566085288487
0.000026783981259470425
0.00019024030396360764
0.00020115858705588283
0.00004451367031756865
0.000053459084546341375
0.00004984433585603886
0.000035812142747418746
0.0000540949319063223
0.000012068034482925616
0.0012154875553870956
0.000014437219166690155
0.00001755983942084305
0.000017119972411541178
0.00001119701070212983
0.00005422994059234565
0.00005995692195107794
0.00015877456988235987
0.000013161169327824328
0.000029462379385417467
0.00001063084524461257
0.00021363164759687848
0.000019663361851464873
0.000024183975273795004
0.00008726787259792982
0.00023410506156448343
0.00014581809114302255
0.00022373987857301358
0.002264918782084379
0.000028012124790392482
0.00042940165857561065
0.00008411041139254509
0.00001779937096056189
0.0008772820866608038
0.00003793308565365649
0.00001270823696181052
0.000013705559190821696
0.0001693749292946446
0.00004656493132134273
0.00001774710953371414
0.0002763192291007512
0.0013923228033642563
0.000015534709130492846
0.000029858695205679548
0.00003668752164711851
0.000028817821787628583
0.0001105459831396972
0.000025952153548810448
0.000025590678679780195
0.000013230851230287992
0.000010238884543254466
0.000010308566445718129
0.0000457853650375305
0.000012978254333857213
0.00005217432446966759
0.00001526469175844615
0.0002513121363541042
0.00001706771098469343
0.000013992997038484305
0.000010587294055572781
0.0005202145979613793
0.00010188800675858708
0.00001132330915034522
0.00034028721556239377
0.00014838325617746615
0.000028661037507085344
0.000025512286539508577
0.00008880522957103437
0.000010783274406251832
0.00006911138188724165
0.00003621716880548879
0.000024210105987218876
0.00009191478446847533
0.00017194009432908817
0.0000539294373879711
0.0000698038457929743
0.000011845923418822692
0.000012856311004545803
0.0003452999574208735
0.000042950182631040215
0.000030202749599093883
0.00088013468954291
0.000012603714108115025
0.00002031227456815773
0.00002704093327480518
0.0005129807454618703
0.00005322826324443049
0.000027868405866561176
0.00014930654138510969
0.000011170879988705958
0.00001648848017046423
0.00002772904206163385
0.001408863544961568
0.000013143748852208412
0.018960876817134167
0.00004112974292917702
0.002487839898303444
0.00003437059839020172
0.00001571762412445996
0.00001694576765538202
0.000015073066526671078
0.000012651620416058793
0.000022502899376859136
0.0006688243203218523
0.000026897214350973877
0.00005017096977383728
0.000037850338394480885
0.000017224495265236672
0.000058349883075509716
0.0003688611506913995
0.00002663590721673514
0.00006623700341061556
0.000023918313020652286
0.0007102850522877317
0.0000889445933759617
0.00005135556211571955
0.000014393667977650366
0.0000402456537916693
0.00001482917986804826
0.000012638555059346857
0.00002044728325418108
0.0002488079429843163
0.000016018127328834506
0.000015382279968853584
0.00001050890191530116
0.000012503546373323511
0.00004410864425949861
0.000014877086175992027
0.00003474513861594391
0.000012281435309220585
0.0000912789371084944
0.000023931378377364226
0.00001038695858598975
0.000012181267574429069
0.000011018450827066695
0.000017233205503044627
0.000029536416406785107
0.00007451172932817552
0.000043316012618974445
0.00002541647392362104
0.00010503240260725987
0.000030973605645098156
0.000011419121766232756
0.0001328267714524534
0.000246795878050678
0.000021318307034976865
0.00001894041211340437
0.00003469287718909616
0.000012564518037979215
0.000017385634664683892
0.000011301533555825324
0.00004875555613004413
0.000012416443995243931
0.00018073743451512564
0.00014324857098967498
0.0000381769723122793
0.00004660412739147854
0.00002040373206514129
0.00003535050014359698
0.000020138069811998575
0.00002333908220642309
0.000012865021242353762
0.000023073419953280376
0.00003458399921649669
0.000014737722371064702
0.000018779272713957148
0.00012523579920281814
0.0014274773231571741
0.0001510224582332774
0.00024863373822815716
0.015569798323502203
0.00001799535131124094
0.000020791337647595414
0.04178058060842544
0.000011183945345417894
0.000010983609875834863
0.00001258629363249911
0.000010826825595291622
0.000022995027813008755
0.000013204720516864118
0.00006797905097220713
0.00018168685043619303
0.00028618357341826347
0.000034065740066923197
0.00001942383031174603
0.00001217691245552509
0.000023151812093551994
0.000026130713423873585
0.000015421476038989393
0.00003349086437159798
0.000026361534725784468
0.001733023755222528
0.00003192302156616556
0.00019197799640629525
0.00004935656253879322
0.000010365182991469855
0.000027223848268772295
0.00010302904791142956
0.000060422919673803684
0.00007182897608332451
0.000029910956632527296
0.00018996593147265698
0.00002080440300430735
0.000011223141415553705
0.00007875797025955498
0.00009412718487169663
0.002090853389730149
0.00008433252245664802
0.00001156719580896804
0.000013121973257688519
0.00010485384273219674
0.00005655557408707039
0.00011754465921839134
0.000030159198410054097
0.000014515611306961776
0.00003384798412172425
0.00006879345820725118
0.00004394314974114741
0.0004642338995696341
0.000010365182991469855
0.000012329341617164353
0.000039888534041543025
0.000015700203648844043
0.00004264096918885771
0.0020146605845050374
0.000013727334785341589
0.00003476255909155982
0.000011467028074176524
0.00014966801625413992
0.000191411830948778
0.00016535515454627205
0.0015809168723821597
0.0000160399029233544
0.00040397211929527765
0.000015856987929387286
0.00020803096468636158
0.000012324986498260373
0.000010130006570654993
0.000019458671262977863
0.00011063744063668075
0.00045941713806183345
0.0028680766195720367
0.0008438826797861895
0.000035520349780852156
0.00234608077797893
0.006396393620106184
0.0012127917367855327
0.000010953124043507011
0.00001079198464405979
0.000018261013564383656
0.00005330665538470211
0.0000722035163090667
0.0001029201699388301
0.000010286790851198234
0.000038433924327614065
0.000011175235107609935
0.000014319630956282724
0.00002068681479389992
0.0000526272568356814
0.00008412347674925702
0.000021557838574695706
0.00004334214333239832
0.00003492369849100704
0.000021192008586761476
0.00001380572692561321
0.000017359503951260016
0.000029902246394719338
0.000016026837566642465
0.00002309084042889629
0.00004531936731480475
0.000015957155664178802
0.00004661719274819047
0.000010243239662158446
0.00001865732938464574
0.000017202719670716777
0.000021070065257450068
0.000037819852562153035
0.0002481067688407757
0.0001661260105922763
0.00008854827755569962
0.0026145477276958073
0.0006243977523823633
0.000018626843552317886
0.000028077451573952167
0.00002139234405634451
0.0011759735615712948
0.0002044554120661949
0.0001648673812290264
0.00036960587602397993
0.000024123003609139296
0.000015582615438436613
0.00004203125254230066
0.000033900245548572
0.000016214107679513558
0.00005082423760943412
0.002360147812038782
0.0007953100386501124
0.000013692493834109758
0.00007794356302451092
0.0003259937153195349
0.00004040243807221254
0.000013217785873576054
0.000036382663323839986
0.00002012500445528664
0.000014441574285594134
0.000014733367252160722
0.0054387944306182
0.000011183945345417894
0.000013548774910278453
0.000019763529586256386
0.000015486802822549078
0.000014158491556835504
0.000018234882850959783
0.00005146008496941505
0.000011022805945970674
0.00026465186555699167
0.00045109450583632967
0.000010535032628725034
0.00011024547993532266
0.000011693494257183429
0.00011865956965780994
0.00001458093809052146
0.000011210076058841768
0.000017694848106866396
0.000016989318844421808
0.0006360128544992751
0.00001609216435020215
0.00003409622589925105
0.00008457640911527083
0.000017703558344674355
0.00010636071387297345
0.00009164912221533262
0.000027419828619451347
0.00011966995724353305
0.000024088162657907465
0.000022454993068915368
0.000041848337548333546
0.000014846600343664175
0.000011318954031441242
0.0002890144007058498
0.000013217785873576054
0.00003724062174792384
0.00002607409687812186
0.00004124297602068047
0.00007826148670450138
0.003005428359565724
0.00009250272552051249
0.000023060354596568437
0.00005360280347017268
0.000358212884971171
0.000016849955039494483
0.000053781363345235815
0.00008579148728948096
0.000010134361689558972
0.000029462379385417467
0.000013426831580967044
0.00001213771638538928
0.00014470753582250794
0.000013313598489463591
0.00005547114947997964
0.000040881501151650225
0.00003360845258200541
0.00013238690444315155
0.000012020128174981849
0.000022576936398226776
0.000010317276683526088
0.0006845854956353521
0.000030233235431421737
0.000012538387324555342
0.00005436059415946501
0.00001054809798543697
0.00007062696326582631
0.00008752917973216856
0.00001714610312496505
0.00014625360303342045
0.000010434864893933518
0.000045031929467142144
0.00003381314317049242
0.00002446705800255363
0.00009003772822086041
0.00010205350127693829
0.000012520966848939427
0.00005512273996766133
0.0001988677945123899
0.000064904337025998
0.00004248854002721845
0.000012934703144817424
0.000014398023096554344
0.000017072066103597407
0.000025268399880885755
0.000012925992907009466
0.00004865974351415659
0.000022546450565898926
0.000026243946515377038
0.00002846070203750231
0.00003694011854354929
0.00012466963374530086
0.000017450961448243574
0.0004062150055308268
0.00003034646852292519
0.000051085544743672855
0.0003208677403695517
0.00003832069123611061
0.00002406638706338757
0.00004703963928187643
0.000026884148994261938
0.00003312067926475977
0.000011597681641295892
0.000010639555482420528
0.00005878539496590761
0.00008424106495966446
0.000017137392887157092
0.000060858431564201577
0.00001262548970263492
0.000013174234684536266
0.00005395992322029895
0.00013093229472922258
0.0003771097458955356
0.0018357131038594472
0.000022206751291388568
0.000016880440871822337
0.000012355472330588227
0.000013509578840142643
0.0000569257591939086
0.000026609776503311268
0.00027358856954795644
0.00001967642720817681
0.00005482659188219076
0.0000430764810792556
0.00002394879885298014
0.006681000640481207
0.000010312921564622108
0.00004907783492893857
0.00013034435367718542
0.000032615485471898215
0.00006088456227762545
0.000019854987083239944
0.000027850985390945262
0.000060462115743939496
0.000050850368322857995
0.000024018480755443802
0.00023846018046846238
0.00010656975958036443
0.0007728158495110613
0.000016523321121696062
0.000016227173036225497
0.000011663008424855577
0.000016636554213199514
0.000014145426200123566
0.000014428508928882198
0.0001989505417715655
0.00001445463964230607
0.00013871053709172895
0.000039400760724297387
0.0030510700056794234
0.00004778000949555285
0.0006316969316654319
0.000027641939683554274
0.00001029985620791017
0.000015748109956787814
0.000029266399034738416
0.000016357826603344864
0.0002456809676112594
0.000101491690938325
0.00023271577863411417
0.0004933740001561572
0.000020786982528691437
0.000040855370438226346
0.00001013871680846295
0.0005468635705348264
0.000021840921303454338
0.000055292589604916504
0.0000166191337375836
0.000013831857639037085
0.00001124056189116962
0.00043113935101829823
0.00019958638913154643
0.00003463626064334444
0.000016989318844421808
0.00002638766543920834
0.00005429091225700135
0.000037850338394480885
0.000021113616446489855
0.0002982080567121493
0.000010591649174476759
0.000012599358989211046
0.000012865021242353762
0.000011175235107609935
0.0014160494911531333
0.03534693330121462
0.00001796051036000911
0.000016802048731550715
0.00039946892634856344
0.000013875408828076873
0.000037863403751192825
0.000010574228698860843
0.00004924768456619375
0.0000194717366196898
0.000025651650344435902
0.00047606675763174486
0.00002149251179113602
0.00003331230449653484
0.000014846600343664175
0.000033408117112422376
0.000022672749014114315
0.000020229527308982133
0.00010113892630710271
0.00002968884556842437
0.00001104022642158659
0.00019938169854305944
0.000035298238716749235
0.00005161686924995829
0.000017403055140299806
0.000013182944922344223
0.000012577583394691151
0.00022746786035481956
0.000030481477208948537
0.00016564694751283862
0.0004887749945935554
0.0026653414794729135
0.00001779501584165791
0.00019053645204907823
0.00002126604560812912
0.0027025385500317974
0.00003416155268281073
0.00003186204990150986
0.00009101762997425568
0.00001018226799750274
0.000020778272290883478
0.00010629974220831773
0.000013121973257688519
0.000012878086599065698
0.000021518642504559897
0.000010164847521886824
0.00001135815010157705
0.00003857764325144537
0.012130857073115514
0.00006452979680025581
0.00004565906658931511
0.000015891828880619117
0.000022372245809739766
0.000026862373399742046
0.000022102228437693074
0.00011477480359546075
0.00002162316535825539
0.00031227073565309727
0.00002186705201687821
0.000010844246070907538
0.00003752370447668247
0.00004312874250610335
0.0001821876891101506
0.00009050808106249014
0.00005299744194251961
0.000019288821625722684
0.000020303564330349776
0.000011096842967338316
0.000015086131883383016
0.00006113715917405623
0.00001014307192736693
0.00003832504635501459
0.000022916635672737134
0.00001055245310434095
0.0000492781703985216
0.05219780291567894
0.000017742754414810164
0.000038834595266780124
0.000015917959594042993
0.00002777694836957762
0.00011675638269677116
0.00004681317309886953
0.00011075502884708819
0.000015003384624207416
0.00003219739405711623
0.00004033711128865286
0.0000701348348296767
0.000020712945507323793
0.00004765371104733746
0.000202778691288163
0.00005090262974970574
0.00001580908162144352
0.00006514822368462083
0.0005002507329055399
0.00006260047912579315
0.0007099497081321254
0.00007666751318564509
0.000022263367837140294
0.0002694424963513685
0.000027319660884659834
0.00001967642720817681
0.00008255998906272859
0.00003741918162298697
0.00001380572692561321
0.000011149104394186063
0.00007167654692168524
0.000060610189786674776
0.000038595063727061286
0.000013553130029182433
0.00004597263515040159
0.0014538301476451506
0.000026744785189334612
0.00008399282318213765
0.0005309760967731112
0.000014302210480666809
0.000040515671163715995
0.00004786275675472845
0.00022413183927437168
0.00002137492358072859
0.0020271815513539767
0.0001629293533167558
0.00011140829668268503
0.00002039937694623731
0.000014380602620938428
0.000012782273983178161
0.00003286372724942501
0.000044091223783882696
0.0000465910620347666
0.000010787629525155812
0.00001331795360836757
0.00030308143476570176
0.0013957851228929194
0.000029462379385417467
0.000017163523600580965
0.00005827584605414207
0.00002186705201687821
0.00005220481030199544
0.00002671865447591074
0.00004458335222003231
0.000033495219490501956
0.000011305888674729304
0.000055214197464644886
0.0004400237935824152
0.00002275985139219389
0.0002846592818018709
0.00003552470489975614
0.000024819822633775926
0.000043821206411836
0.00010211882806049796
0.00003967077809634408
0.00003700544532710897
0.000010395668823797707
0.000011837213181014733
0.000015991996615410634
0.00001596151078308278
0.000013853633233556978
0.000040328401050844895
0.000055671484949562674
0.00004515822791535753
0.0001194957524873739
0.0001645799433813638
0.0001836989153698313
0.00029078257898086527
0.00001605732339897032
0.00017119972411541175
0.0000509113399875137
0.00016100874588010106
0.0002467044205536945
0.000012068034482925616
0.000031269753730568724
0.000016410088030192613
0.000013862343471364937
0.000019685137445984768
0.0000253424369022534
0.00025966525441193576
0.00006319277529673428
0.00001913203734517944
0.000025956508667714425
0.00002325197982834351
0.000010430509775029538
0.00021196363705665457
0.00008971109430306199
0.000014855310581472132
0.000013914604898212684
0.00031140842211010945
0.000011419121766232756
0.00003407445030473115
0.000511190791592335
0.00001584392257267535
0.000019288821625722684
0.000010844246070907538
0.0001619712271578804
0.00004351634808855748
0.0003365548786616838
0.00002268145925192227
0.00014311356230365164
0.00005061083678313916
0.000010208398710926614
0.00003098231588290611
0.00004632975490052787
0.000012412088876339953
0.000016322985652113033
0.000010569873579956865
0.00002785969562875322
0.000020029191839399103
0.000013361504797407359
0.00015873972893112805
0.00002289486007821724
0.0011154156332114679
0.000014032193108620115
0.000028534739058869955
0.00005037130524342031
0.000010726657860500106
0.000015665362697612212
0.00006330165326933375
0.0002857088654577298
0.000058119061773598834
0.000021087485733065982
0.00006299243982715126
0.000010439220012837497
0.000014114940367795714
0.00008867893112281899
0.000012368537687300163
0.000051817204719541316
0.0000924809499259926
0.00001225530459579671
0.00011857682239863435
0.00004248418490831447
0.00001642315338690455
0.000014315275837378745
0.00001941947519284205
0.00003938334024868147
0.000026766560783854507
0.000022677104133018292
0.0000227163002031541
0.016609604737421693
0.00016293806355456374
0.000170529035804199
0.00013371086058996113
0.0007668798224449379
0.000038172617193375326
0.000011458317836368567
0.00003289856820065684
0.00008620086846645498
0.00006570132378542615
0.000013884119065884832
0.000013130683495496476
0.000012756143269754289
0.000019415120073938073
0.00004142153589574361
0.000025137746313766388
0.000012159491979909174
0.00007097101765924066
0.000016754142423606948
0.00001531259806638992
0.000011998352580461954
0.000012020128174981849
0.000018683460098069612
0.00012013595496625881
0.00007962028380254281
0.000018321985229039363
0.000050157904417125346
0.00002597828426223432
0.00005159944877434237
0.00003595586167125005
0.00004207915885024443
0.0003339548726760084
0.00016371762983837597
0.000012943413382625381
0.0002068507274633833
0.000026243946515377038
0.000014816114511336323
0.00038648631689580226
0.00012969544096049255
0.0005773885989328147
0.000011602036760199871
0.00005119877783517631
0.000012673396010578688
0.00006729965242318642
0.00002178430475770261
0.0002412866526371447
0.00001766871739344252
0.00002411864849023532
0.00012369844222971356
0.00009358279500869927
0.000013135038614400455
0.000018339405704655277
0.00009012483059893999
0.000022838243532465512
0.00008511644385936422
0.0009889995967856714
0.00028552595046376267
0.0000862357094176868
0.000055610513284906967
0.0001232150240313719
0.000019271401150106767
0.00005375958775071592
0.00008721561117108207
0.0002982080567121493
0.000016344761246632928
0.00001620975256060958
0.0000765020186672939
0.000033098903670239875
0.00008581326288400085
0.000030964895407290194
0.000010757143692827958
0.00027501704854846154
0.000013618456812742116
0.00004379072057950815
0.00048110998532255246
0.0001561832741344924
0.000022590001754938712
0.0001240424966231279
0.00019417297633390063
0.000926865115382604
0.0003468111836805542
0.000021043934544026192
0.000036138776665217164
0.00002138363381853655
0.0004637287057767726
0.0015034001110102388
0.000046525735251206916
0.000025142101432670366
0.0001383882582928345
0.000015325663423101858
0.00002004225719611104
0.0000109139279733712
0.000010125651451751014
0.000058750554014675775
0.000034274785774314184
0.0000278640507476572
0.00005832375236208584
0.000014263014410530998
0.00001633605100882497
0.0005532307543724436
0.00003059035518154801
0.00001327440241932778
0.0000122161085256609
0.00033415956326449537
0.000056433630757758985
0.0001719575148047041
0.000018091163927128477
0.00003553777025646807
0.0005498686025785718
0.021706735734903844
0.00022537304816200567
0.00001755983942084305
0.000055510345550115454
0.000012163847098813153
0.01314024298149071
0.00008349633962708405
0.00001819568678082397
0.00011083777610626379
0.00013335809595873885
0.000012233529001276816
0.00013020498987225808
0.000038786688958836356
0.000021409764531960422
0.00003563793799125959
0.000011680428900471493
0.000010434864893933518
0.000021880117373590147
0.00005037566036232429
0.0006773603533736511
0.00017562016980295038
0.000012764853507562246
0.000011649943068143639
0.00002218933081577265
0.00008910137765650494
0.0004377504215145382
0.00003451431731403303
0.0002555148260964439
0.000010600359412284717
0.00002916187618104292
0.000013923315136020642
0.0000587461988957718
0.00009298178859995018
0.000013544419791374474
0.000031709620739870594
0.00003532001431126913
0.00001013871680846295
0.0008265275309538334
0.00013987770895799529
0.000015482447703645097
0.0013075155729470745
0.000011070712253914442
0.000014119295486699694
0.001150517891577538
0.00028923215665104874
0.000016505900646080148
0.00016002013388889786
0.000010521967272013096
0.000012721302318522457
0.00001274743303194633
0.000033895890429668014
0.0000426627447833776
0.000027850985390945262
0.0003752370447668247
0.000015260336639542173
0.00006045776062503552
0.00002693205530220571
0.0003309759713456868
0.000017006739320037726
0.00012004449746927525
0.000060300976344492276
0.000010169202640790804
0.00003580778762851477
0.000038747492888700544
0.000297441555785049
0.00014033935156181705
0.00010181396973721944
0.0001554820999909518
0.00033489557835926785
0.00001193738091580625
0.00006709931695360338
0.00001983756660762403
0.000010108230976135098
0.00004084666020041839
0.000017899538695353406
0.0001887029469905031
0.000014141071081219589
0.000012020128174981849
0.00010805485512662125
0.0000483897261421099
0.00006927687640559285
0.00040496944152428884
0.00002202819141632543
0.0002082574308693685
0.0007443551474735589
0.00005729158918184283
0.00016484996075341048
0.000059848043978478466
0.00005439107999179287
0.00003238901928889131
0.00018150829056112988
0.000060827945731873726
0.0004490824409026914
0.000011131683918570147
0.00005705205764212399
0.00003463190552444046
0.000010678751552556339
0.00010704011242199416
0.0000924591743314727
0.00004117329411821681
0.000027668070396978147
0.00005230497803678696
0.000013740400142053527
0.00012990884178678752
0.00004793679377609609
0.000013749110379861484
0.00004109054685904121
0.00007014354506748466
0.00003725804222353975
0.0005718271120924337
0.0005007689920551134
0.00003687479175998961
0.0006492916120375068
0.000060758263829410064
0.000010800694881867748
0.00012485254873926798
0.00013298355573299666
0.00004386911271977977
0.000037819852562153035
0.00004882959315141177
0.000011397346171712861
0.00009930977636743156
0.0002198507573917604
0.00007594891856648858
0.0001924831901991568
0.00030835112863951625
0.000016815114088262652
0.00011311985841194874
0.000019567549235577335
0.000021845276422358315
0.00001136686033938501
0.000016366536841152823
0.000016066033636778274
0.000021048289662930173
0.000044256718302233894
0.000012399023519628015
0.00004585940205889814
0.000020782627409787456
0.00004988788704507865
0.00006984739698201409
0.0000151514586669427
0.00003447512124389722
0.00039950376729979526
0.00001926269091229881
0.000010125651451751014
0.00001237724792510812
0.00006264838543373692
0.000011014095708162715
0.00004453980103099252
0.00004232740062777123
0.000010147427046270909
0.0007622721066445283
0.000026779626140566444
0.000012860666123449783
0.000021109261327585877
0.000014689816063120932
0.00012095907243911083
0.00001560874615186049
0.000014184622270259377
0.000034305271606642035
0.000011205720939937789
0.00019258771305285228
0.000017869052863025553
0.000014898861770511922
0.00010016337967261142
0.00024137811013412826
0.00006599311675199273
0.000021893182730302083
0.000028495542988734143
0.00009170573876108435
0.0029392697482953805
0.00003820310302570318
0.000012111585671965406
0.0000642641345471131
0.0000171765889572929
0.00004350328273184554
0.00014670653539943426
0.000028939765116939994
0.000047962924489519964
0.000013135038614400455
0.00046259201974283405
0.000019811435894200157
0.000017847277268505658
0.0004210354751610671
0.00016380473221645555
0.00003086908279140266
0.00009462366842675022
0.000011789306873070966
0.000017337728356740125
0.00002521613845403801
0.00005973916600587899
0.00007739481804260957
0.0009530524453522293
0.000011946091153614207
0.00004141282565793565
0.00009805550212308562
0.0007407447539021604
0.00004244498883817866
0.00002000741624487921
0.00004124297602068047
0.00004671736048298199
0.000011297178436921347
0.00003042050554429283
0.00003757596590353021
0.000026466057579479962
0.000010069034905999287
0.000011179590226513915
0.00002854780441558189
0.00005126845973763997
0.0000148204696302403
0.00006160751201568595
0.0000952290299544033
0.000020669394318284007
0.000033582321868581536
0.000016357826603344864
0.00017635618489772283
0.000016549451835119938
0.0017117751300900147
0.000018609423076701972
0.00001067439643365236
0.000012120295909773365
0.00007692011008207588
0.000027868405866561176
0.00008488126743854936
0.000012721302318522457
0.0000267273647137187
0.00002419704063050694
0.000011806727348686882
0.0003237813149163136
0.000018909926281076517
0.000010073390024903267
0.00023109131928293
0.000028926699760228058
0.00023447960179022562
0.00005652508825474254
0.0000370620618728607
0.000011602036760199871
0.00008174122670878055
0.000015708913886652002
0.000013357149678503381
0.00019116794429015516
0.000013304888251655634
0.00002446705800255363
0.000013918960017116663
0.002023031123038485
0.000028312627994767028
0.00009943607481564695
0.00013476479936472404
0.00002056922658349249
0.00007304405425753462
0.000011075067372818421
0.00003429656136883408
0.00006657234756622194
0.00024160893143603915
0.0065836985739285096
0.000029915311751431274
0.0032197350505927193
0.00004055051211494782
0.00005372474679948409
0.0002948807458695094
0.0000605230874085952
0.000048842658508123706
0.00004006709391660616
0.000020207751714462238
0.000015090487002286994
0.00003133508051412841
0.00013068840807059975
0.000011397346171712861
0.00006084101108858566
0.00011924315559094312
0.00004828955840731838
0.00018205703554303123
0.000028743784766260943
0.000014506901069153819
0.00003172704121548651
0.000037937440772560465
0.00009377877535937831
0.0005015050071498858
0.000010961834281314968
0.00002430591860310641
0.0008357386074357489
0.000011588971403487935
0.000041195069712736703
0.00010535032628725034
0.0002121421969317177
0.000013200365397960139
0.0000344577007682813
0.000014053968703140009
0.000011136039037474127
0.000020477769086508933
0.000013405055986447149
0.000017163523600580965
0.00002357425862723795
0.000024375600505570074
0.00016190590037432073
0.00007506047431007687
0.000010626490125708592
0.000036191038092064916
0.000010700527147076232
0.0005102500859090755
0.000013256981943711865
0.00004890363017277941
0.000014589648328329418
0.00005584133458681785
0.000024628197402000852
0.000057827268807032243
0.000015661007578708235
0.000014798694035720406
0.000032689522493265855
0.0003756420708248947
0.000044592062457840274
0.00001278662910208214
0.00028588307021388897
0.000019293176744626662
0.0001936634274221351
0.000029066063565155383
0.000012311921141548437
0.00005104634867353705
0.000034858371707447364
0.00001853974117423831
0.000014053968703140009
0.00001364458752616599
0.000017011094438941703
0.00003180978847466211
0.000011096842967338316
0.0005815564477239225
0.000010278080613390277
0.00003214513263026849
0.000011501869025408355
0.000017446606329339596
0.000025930377954290553
0.0000400801592733181
0.000010761498811731938
0.00002053438563226066
0.000049957568947542314
0.000010783274406251832
0.00003761951709257
0.000015386635087757562
0.000014672395587505017
0.000054730779266303225
0.0000644514046599842
0.000033098903670239875
0.00001417155691354744
0.000027110615177268843
0.00003994079546839078
0.000043198424408567015
0.00001612700530143398
0.00019246141460463692
0.00004023694355386134
0.000055013861995061853
0.00009771144772967129
0.0017990473578068486
0.00026668135096624587
0.00005716093561472347
0.000019362858647090324
0.0001267949317704426
0.00006766983753002463
0.000030886503267018576
0.00004019774748372553
0.000011332019388153178
0.000010291145970102213
0.00022093082687994718
0.000010704882265980211
0.000030342113404021212
0.000012477415659899637
0.00003706641699176468
0.00034378002092338484
0.000014977253910783543
0.000018587647482182077
0.00006888491570423474
0.00002594779842990647
0.000055013861995061853
0.0005644495406690933
0.000010543742866532991
0.00002719336243644444
0.00001943254054955399
0.00012740900353590362
0.00012897249122243205
0.0001672844722207347
0.0002139582815146769
0.0052339035066616075
0.00014350116788610577
0.00010527628926588269
0.000012995674809473128
0.000011615102116911808
0.00005447818236987244
0.000010038549073671436
0.000027110615177268843
0.000055118384848757344
0.000010260660137774361
0.00003486708194525532
0.00001364894264506997
0.00001833069546684732
0.00003494111896662296
0.00005606344565092078
0.000011719624970607303
0.0007167480487412365
0.000044901275900022774
0.00048413243784191384
0.000014733367252160722
0.00037061190849079905
0.0005314116086635091
0.000010286790851198234
0.000023944443734076162
0.000010256305018870382
0.0001182763191942598
0.0001252053133704903
0.00001673672194799103
0.0000457026177783549
0.00001327440241932778
0.000010169202640790804
0.0017527611540953604
0.000049796429548095094
0.00001311326301988056
0.000021226849537993307
0.000022498544257955155
0.00006560115605063464
0.0005603992800883929
0.000026161199256201436
0.000017163523600580965
0.000014698526300928891
0.00007084036409212129
0.00022737640285783598
0.000022337404858507935
0.000010256305018870382
0.000010539387747629012
0.00004654315572682283
0.000019519642927633567
0.0008294454606194993
0.00001001677347915154
0.0001754067689766554
0.000013540064672470496
0.00010029838835863477
0.00003229320667300377
0.000017864697744121575
0.0000537421672751
0.00005067180844779486
0.00013632828705125246
0.00002476756120692818
0.000012407733757435974
0.000628988047707157
0.00014145861712013964
0.00004676962190982974
0.0000933868146580202
0.000095085311030572
0.0004431594791932801
0.00001103587130268261
0.00012634635452333276
0.00012202172145168168
0.000015369214612141648
0.000016066033636778274
0.00017392602854930257
0.00016036418828231218
0.000028290852400247133
0.000029505930574457257
0.0007268562797173716
0.00001482482474914428
0.019479371143128473
0.00001013871680846295
0.00001710255193592526
0.00004512774208302968
0.00004342489059157392
0.00003183591918808599
0.000012172557336621112
0.000012133361266485301
0.000019584969711193252
0.000036504606653151394
0.000012072389601829596
0.0007576077742983668
0.00013994739086045896
0.000012446929827571785
0.0021221841151253733
0.000024201395749410917
0.001122584158927417
0.00008502498636238067
0.00008265144655971215
0.00007349698662354843
0.000011654298187047618
0.000020512610037740764
0.0005767701720484497
0.00002460642180748096
0.000018957832589020285
0.00003469723230800014
0.00031183086864379543
0.00005236594970144266
0.00008560857229551385
0.00020744737875322841
0.000045397759455076375
0.00010731448491294484
0.000023591679102853868
0.000017977930835625024
0.00004912574123688234
0.00001018226799750274
0.00004948286098700861
0.000028661037507085344
0.000011706559613895365
0.00012189977812237027
0.000013335374083983486
0.0004877776723645442
0.0000898112620378535
0.00008217673859917845
0.00264708046590853
0.00002423623670064275
0.00011593326522391914
0.000014393667977650366
0.001602156787276865
0.000011715269851703324
0.00014155442973602718
0.00011978754545394049
0.0035837358885872786
0.00003494982920443092
0.00002728046481452402
0.00010152217677065285
0.00002802083502820044
0.000016196687203897644
0.00009753724297351213
0.0012499191254419532
0.000025542772371836428
0.000019145102701891378
0.00004572874849177877
0.000016235883274033453
0.000013344084321791443
0.000027598388494514484
0.0006312396441805142
0.000010116941213943057
0.000012564518037979215
0.00007400218041640999
0.00012787500125862935
0.0000232955310173833
0.000022228526885908463
0.000010482771201877285
0.000011867699013342585
0.00003206674048999687
0.000012168202217717133
0.00001067004131474838
0.00003963593714511225
0.00005339375776278169
0.00009231110028873742
0.00004858135137388497
0.0008866281718287426
0.00006734755873113019
0.00005596327791612926
0.00004203125254230066
0.00003981885213907936
0.00001450254595024984
0.000033334080091054736
0.00011818050657837226
0.000011919960440190334
0.000010369538110373835
0.0001697668899960027
0.00011036306814573008
0.000011118618561858211
0.000011088132729530357
0.000309226507539216
0.0002873289696900099
0.000011802372229782902
0.00013231286742178389
0.00001869217033587757
0.000021035224306218237
0.00009202801755997879
0.00007203802179071549
0.000016636554213199514
0.000013587970980414264
0.000025015802984454977
0.00003669623188492647
0.000024854663585007757
0.00001067004131474838
0.00003482353075621553
0.000022346115096315893
0.00004439172698825724
0.000012211753406756922
0.00002289050495931326
0.000016227173036225497
0.00006684236493826863
0.0008556589213025485
0.000019902893391183715
0.000038960893714995516
0.000025007092746647022
0.000035751171082763045
0.0001559568079514855
0.00001588747376171514
0.00008078745566880916
0.000032894213081752865
0.000010047259311479393
0.000026426861509344153
0.00006641991840458268
0.000013818792282325147
0.00020913280976906826
0.000015216785450502385
0.00001762952132330671
0.000017982285954529005
0.000016366536841152823
0.000016667040045527368
0.00003412235661267492
0.000020878440025674994
0.00010678751552556338
0.0000659582758007609
0.00006903734486587401
0.00014567001710028728
0.000012695171605098583
0.00002064326360486013
0.000026993026966861413
0.0001378525786676451
0.000021448960602096235
0.00003827714004707082
0.00011932154773121475
0.000018835889259708874
0.000112449170100736
0.000012372892806204143
0.00002680575685399032
0.00001718965431400484
0.000027938087769024842
0.0001458311564997345
0.000010282435732294255
0.00001254274244345932
0.000011998352580461954
0.000010613424768996654
0.00040917648638553246
0.000015909249356235035
0.00005394685786358701
0.00003832504635501459
0.000016397022673480673
0.000011776241516359028
0.000029018157257211616
0.000040794398773570645
0.00016385699364330328
0.00001526469175844615
0.00006439914323313644
0.000028661037507085344
0.000011262337485689515
0.000017254981097564522
0.000011122973680762188
0.000014776918441200512
0.00006447753537340807
0.000740823146042432
0.0007628513374587575
0.000014563517614905544
0.000014681105825312975
0.000010116941213943057
0.000011776241516359028
0.0000537029712049642
0.00001886201997313275
0.000026609776503311268
0.00002219804105358061
0.00002096554240375457
0.00013512627423375428
0.000042087869088052384
0.000021967219751669727
0.000014881441294896006
0.000014114940367795714
0.000018339405704655277
0.00006112844893624827
0.000013139393733304435
0.000012686461367290624
0.00001519065473707851
0.00003583391834193864
0.000028809111549820628
0.00005909896352699409
0.00004045469949906029
0.0024272558392301933
0.000027637584564650293
0.0000759837595177204
0.000011384280815000925
0.000011109908324050252
0.0026963717016637635
0.00001104022642158659
0.00014460736808771641
0.000011514934382120293
0.00001865297426574176
0.00006257434841236928
0.00009171009387998832
0.000012551452681267278
0.0000675086981305774
0.00003683124057094982
0.00005693882455062054
0.00008239449454437738
0.00002000741624487921
0.0007485099309079548
0.0003164995561088608
0.0009560444120392628
0.0003372778283997443
0.000014123650605603673
0.000010378248348181792
0.000021514287385655916
0.000021928023681533918
0.000012520966848939427
0.000016767207780318884
0.000022581291517130757
0.00001225530459579671
0.000018949122351212326
0.00002818632954655164
0.000028269076805727238
0.00002333908220642309
0.00004961351455412798
0.000019519642927633567
0.000013857988352460957
0.0586924610836156
0.0000644514046599842
0.000014837890105856216
0.000017159168481676987
0.00004391266390881956
0.00001681946920716663
0.000017734044177002205
0.000027598388494514484
0.000017625166204402734
0.00021205509455363811
0.0001504998439647999
0.00003443157005485743
0.000029427538434185636
0.000012063679364021639
0.00006334520445837354
0.000011336374507057157
0.0000280295452660084
0.000036430569631783754
0.000012159491979909174
0.00001124056189116962
0.000189547840057875
0.000011828502943206777
0.000012155136861005196
0.00005393814762577906
0.000010260660137774361
0.00007749498577740109
0.000013431186699871023
0.000010613424768996654
0.0038942210254897447
0.000024623842283096874
0.00001926704603120279
0.000043651356774580825
0.001370656086816961
0.00004606844776628913
0.000018278434039999573
0.000010443575131741476
0.000030934409574962344
0.00007926316405241654
0.00034343596652997054
0.000019833211488720052
0.000016998029082229767
0.000024584646212961065
0.00003458835433540067
0.00010864279617865841
0.00004646476358655121
0.000026174264612913372
0.000016815114088262652
0.000011149104394186063
0.001700556343793365
0.00004521484446110926
0.0029433592049462167
0.000010243239662158446
0.0000213313723916888
0.00009603037183273542
0.0000632929430315258
0.000016675750283335327
0.0017583531267680694
0.0000250941951247266
0.000010147427046270909
0.00015667975768954601
0.0006505284658062368
0.000033878469954052104
0.00003810293529091166
0.00005747014905690597
0.000014045258465332052
0.00002171026773633497
0.0002259087277871951
0.000013313598489463591
0.0009178282436568477
0.00047158098516064656
0.00001601377220993053
0.00010047259311479393
0.000027637584564650293
0.000017886473338641467
0.00002614377878058552
0.000017816791436177804
0.00006889362594204271
0.0000109966752325468
0.00026398988748358685
0.024443862639271043
0.00002203254653522941
0.000011972221867038081
0.000014315275837378745
0.0072324196653895945
0.00004519742398549334
0.000010656975958036444
0.000011819792705398818
0.000010861666546523454
0.000052196100064187486
0.00010788065037046209
0.00013817485746653953
0.00004039808295330856
0.0006535247876121743
0.0005628947632203728
0.00008918848003458452
0.00004076391294124279
0.00003188818061493373
0.0005230672008434855
0.000012294500665932521
0.000015695848529940066
0.0000932430957341889
0.000024658683234328705
0.0000487207151788123
0.000023291175898479323
0.000020185976119942343
0.00045386436145926026
0.00001299131969056915
0.00009094359295288803
0.00004821552138595074
0.000013056646474128834
0.00029280770927121545
0.000013849278114653
0.000029836919611159653
0.00002060406753472432
0.00004250596050283437
0.00021111874398928264
0.007152437906718022
0.00007737304244808969
0.016403019672211454
0.00002150993226675194
0.000021370568461824614
0.000015813436740347496
0.0000370620618728607
0.000010360827872565876
0.0000174248307348197
0.00002301680340752865
0.0000479759898462319
0.000023034223883144564
0.00002472401001788839
0.000012555807800171258
0.00001917558853421923
0.000012651620416058793
0.00013116311603113346
0.000014258659291627019
0.0016557900765793655
0.000023112616023416185
0.000011018450827066695
0.00001160639187910385
0.00045497056166087093
0.00006871506606697957
0.00012428202816284676
0.0000183350505857513
0.000012481770778803616
0.00002333037196861513
0.0002657188696884665
0.000014955478316263648
0.000023630875172989677
0.000045384694098364435
0.00002814277835751185
0.006558112250367633
0.000013579260742606305
0.000021488156672232044
0.000029061708446251406
0.0002400497988684147
0.000014302210480666809
0.00018135586139949062
0.0000377850116109212
0.000022415796998779556
0.000022637908062882483
0.00009244175385585679
0.000022302563907276103
0.00009730642167160125
0.000014319630956282724
0.000601733713606057
0.00013061001593032813
0.000010082100262711224
0.00003797663684269628
0.000012081099839637554
0.000012738722794138373
0.00009029468023619517
0.000041469442203687376
0.000013574905623702328
0.000015839567453771372
0.000020691169912803898
0.000023761528740109047
0.000021279110964841056
0.00003187511525822179
0.000010373893229277812
0.005809201648520512
0.000015216785450502385
0.000034305271606642035
0.000010199688473118656
0.000027541771948762758
0.000013962511206156451
0.00003531130407346117
0.000012028838412789807
0.000022089163080981138
0.00036937069960316505
0.000033003091054352333
0.0015445472744150318
0.00002789889169888903
0.000012342406973876289
0.000076893979368652
0.00001894041211340437
0.00009842568722992384
0.009228222585040403
0.0000796638349915826
0.000025028868341166913
0.00009563405601247335
0.000015164524023654636
0.0000674477264659217
0.00003496724968004683
0.000020181621001038365
0.0025010228432257886
0.000011506224144312334
0.00024024142410018976
0.000022450637950011387
0.000011697849376087408
0.000362563648756246
0.0012661288780025626
0.00022022529761750258
0.000012664685772770731
0.000180036260371585
0.000015730689481171897
0.00029839097170611644
0.00008276467965121559
0.000029871760562391484
0.000026209105564145207
0.000052649032430201296
0.00019795321954255434
0.000012046258888405723
0.0064648560892767324
0.00033753913553398305
0.00005432575320823318
0.00003198399323082127
0.00003519371586305374
0.000021070065257450068
0.00006161622225349392
0.00005531001008053242
0.000049718037407823476
0.00003538969621373279
0.000012603714108115025
0.00018527982353197566
0.00001242079911414791
0.000011649943068143639
0.000030289851977173463
0.00005389459643673927
0.000012237884120180795
0.00001018662311640672
0.00009096536854740793
0.0019249015838940316
0.0007128502173221753
0.00004199641159106883
0.000056742844199941485
0.00001291292755029753
0.000016928347179766104
0.0005076849208746319
0.00008703705129601893
0.00001642315338690455
0.00012520966848939425
0.00003443157005485743
0.000017450961448243574
0.00010882571117262553
0.000011697849376087408
0.00001991160362899167
0.000012843245647833867
0.00001935414840928237
0.00035730702023914344
0.000056420565401047045
0.000010086455381615203
0.000025638584987723966
0.00003150057503247961
0.000010513257034205139
0.0002451060919159342
0.000016632199094295537
0.00003798534708050423
0.000012573228275787173
0.000048137129245679124
0.00006388959432137091
0.00013807033461284404
0.00001979401541858424
0.000017411765378107765
0.000011902539964574418
0.000020734721101843688
0.00004887314434045156
0.000022376600928643747
0.000012847600766737846
0.0001706379137767985
0.00003634782237260816
0.0005921655173740152
0.000015826502097059436
0.000017485802399475405
0.000014694171182024912
0.0007204586100474265
0.00001071794762269215
0.0004338961412845169
0.000020016126482687167
0.000015138393310230763
0.0001853538605533433
0.000055688905425178584
0.00002150557714784796
0.00008190672122713175
0.00005804066963332721
0.000010378248348181792
0.00001760339060988284
0.00003423558970417837
0.000015647942221996298
0.000029148810824330982
0.0006579931396076568
0.000020181621001038365
0.0002457332290381072
0.000026731719832622676
0.00012330212640945148
0.000018226172613151824
0.00001152364461992825
0.000055170646275605096
0.0000264791229361919
0.000026627196978927182
0.0001346036599652768
0.0000345622236219768
0.0003819700585923761
0.00007042227267733931
0.0007842131956827741
0.00002524662428636586
0.0002646605757947996
0.000014977253910783543
0.000018387312012599045
0.00003464932600005637
0.000055000796638349914
0.00008256434418163257
0.000015120972834614848
0.000012320631379356396
0.00009965818587974987
0.000010251949899966403
0.00009637007110724578
0.00003741918162298697
0.0004626268606940659
0.000039400760724297387
0.00007956802237569507
0.00003086908279140266
0.000012764853507562246
0.00001918429877202719
0.000043625226061156946
0.00020339276305362402
0.00010165283033777222
0.0007737173591241849
0.000012081099839637554
0.000018992673540252116
0.000013461672532198875
0.00001718529919510086
0.00003913509847115467
0.00020510867990179173
0.00018031934310034365
0.000036896567354509504
0.00005633346302296747
0.0000522352961343233
0.000019253980674490853
0.00005971303529245512
0.000019371568884898283
0.00008707624736615475
0.000030159198410054097
0.0006165541832362972
0.00004920413337715396
0.00003559003168331582
0.000051377337710239445
0.000013300533132751655
0.00002289050495931326
0.000049709327170015514
0.000024649972996520747
0.000014772563322296533
0.000011305888674729304
0.001353692898685963
0.00003609522547617738
0.000014393667977650366
0.00002708448446384497
0.00008389265544734614
0.000018147780472880203
0.000021723333093046908
0.00009114392842247106
0.000015042580694343226
0.0006829697465219759
0.000043259396073222715
0.000047144162135571924
0.000021074420376354046
0.000011584616284583956
0.000013174234684536266
0.0000153169531852939
0.00009588665290890412
0.000017781950484945973
0.000977532568711495
0.00016990625380093003
0.000013361504797407359
0.00018614649219386747
0.00010921331675507964
0.000026740430070430635
0.000024009770517635844
0.00021830904529975185
0.00001465933023079308
0.000017363859070163997
0.00001543889651460531
0.00009177106554464403
0.000016688815640047263
0.00010674831945542757
0.00003030727245278938
0.000020704235269515838
0.000055819558992297954
0.00001205932424511766
0.00004893847112401125
0.000010656975958036444
0.000020059677671726954
0.000011950446272518186
0.000027263044338908108
0.0011024983505422664
0.000011745755684031176
0.0000629009823301677
0.0000148204696302403
0.00005626813623940779
0.00004257999752420201
0.00004222723289297971
0.00001392767025492462
0.000026749140308238593
0.00009549904732645
0.000049178002663730086
0.00001813035999726429
0.00011335503483276361
0.000012481770778803616
0.000012416443995243931
0.000014881441294896006
0.000022764206511097872
0.0000858045526461929
0.00003474513861594391
0.00006373281004082767
0.00004615555014436871
0.0001964942547097214
0.00026086291211053
0.000017869052863025553
0.000022254657599332336
0.00003718400520217211
0.000010582938936668802
0.000060540507884211114
0.00003302922176777621
0.000010535032628725034
0.0002947021859944463
0.00007043098291514727
0.000010844246070907538
0.00006131571904911936
0.00006935962366476845
0.00001572633436226792
0.0007666969074509709
0.03268932215779627
0.00005776194202347256
0.00003735385483942729
0.000013204720516864118
0.000010234529424350487
0.000027315305765755853
0.021886345193622838
0.000016227173036225497
0.0000215796141692156
0.00003734514460161933
0.00006624571364842352
0.000011088132729530357
0.00045196552961712546
0.000015408410682277457
0.000013579260742606305
0.000013862343471364937
0.000020429862778565165
0.00003650896177205538
0.0001267949317704426
0.000011127328799666168
0.00044643017349016824
0.00006024871491764453
0.00021260819465444345
0.000028282142162439177
0.00009031645583071506
0.000013418121343159085
0.00046852804680895733
0.00011767531278551071
0.00001938463424161022
0.00004713545189776397
0.000010861666546523454
0.00016190154525541674
0.00007925445381460858
0.000011075067372818421
0.00006162493249130187
0.0000666638050632055
0.00006404202348301018
0.00003521984657647761
0.00004112103269136906
0.000032384664169987325
0.000013418121343159085
0.000034261720417602245
0.00015301710269129972
0.000024493188715977508
0.00003873007241308463
0.000017990996192336964
0.00007333149210519723
0.000024589001331865043
0.00007280887783671976
0.003637142711706772
0.0002612069665039443
0.000020251302903502028
0.00001161074699800783
0.0008179523018318989
0.00005105070379244103
0.000014811759392432344
0.000011824147824302797
0.00006160315689678197
0.000028661037507085344
0.00005566277471175471
0.00002575181807922742
0.00001172833520841526
0.000021566548812503665
0.01793177964059956
0.00007088391528116108
0.0000250941951247266
0.000015177589380366574
0.001864909820991722
0.0007833073309507465
0.00002651831900632771
0.0004120857058133904
0.00002126169048922514
0.000026971251372341518
0.00007859683086010776
0.000015591325676244572
0.00006507418666325318
0.000013827502520133105
0.0000396054513127844
0.000015077421645575058
0.00003559003168331582
0.000056390079568719195
0.00006421187312026535
0.00001876620735724521
0.000010953124043507011
0.00001392767025492462
0.0008147469343185704
0.000016410088030192613
0.0000208566644311551
0.00010387829609770546
0.000021893182730302083
0.0000317705924045263
0.00010048565847150586
0.000013496513483430706
0.000011693494257183429
0.000015260336639542173
0.00020692040936584694
0.0000273675671926036
0.00009944478505345491
0.000017908248933161362
0.001082935156425593
0.00008543872265825866
0.00012490481016611574
0.0002878690044341033
0.00001397122144396441
0.000014589648328329418
0.0009523382058519768
0.0006410343065955628
0.00003618668297316094
0.00001828278915890355
0.00010170509176461997
0.000026156844137297458
0.00002024259266569407
0.00003613006642740921
0.00004162187136532664
0.000019493512214209694
0.0002859353316407367
0.000017342083475644102
0.000021200718824569435
0.0008511165322856984
0.00004219674706065186
0.000055453729004363724
0.00003292905403298469
0.00005184769055186917
0.006195544246492483
0.000011584616284583956
0.000020386311589525375
0.0013612577402221744
0.00014049178072345634
0.00001193738091580625
0.000029636584141576624
0.00002387040671270852
0.0012750830024691434
0.000023931378377364226
0.004417915363455403
0.00010967931447780539
0.000016022482447738487
0.000010230174305446508
0.000011580261165679976
0.000010556808223244927
0.000026858018280838065
0.00001824794820767172
0.00003467981183238423
0.000010077745143807246
0.00003478433468607972
0.00024639520711151197
0.000011257982366785536
0.0005276095898603356
0.000017620811085498753
0.000014920637365031817
0.000036809464976429924
0.00005192608269214079
0.000050776331301490354
0.00006747385717934558
0.00002065197384266809
0.000016754142423606948
0.00010236271471912078
0.00025888133300921957
0.00011798452622769322
0.00014986835172372295
0.0001995297725857947
0.000026527029244135666
0.00027526093520708434
0.0000324935421425868
0.000022293853669468145
0.000025155166789382302
0.0003283716102411074
0.000013797016687805252
0.012618281980848835
0.00003772839506516948
0.00003633475701589622
0.000015016449980919354
0.0001242515423305189
0.000024140424084755214
0.000036265075113432556
0.00003796357148598434
0.0001716657218381375
0.000025403408566909102
0.00011503611072969947
0.00002990660151362332
0.0000171765889572929
0.00001649719040827219
0.00006820987227411802
0.00002105264478183415
0.0012505288420885101
0.000014358827026418535
0.0000267273647137187
0.00002965835973609652
0.000011575906046775997
0.000031578967172751225
0.00021996834560216783
0.000028913634403516122
0.00006656363732841398
0.000015691493411036088
0.00007796533861903082
0.000011009740589258738
0.00040851886343103166
0.000013457317413294896
0.00004273678180474525
0.000015060001169959142
0.0004540646969288433
0.00014019563263798575
0.000019598035067905188
0.00005261854659787344
0.00006250466650990561
0.000010439220012837497
0.0002794244288792882
0.00001669317075895124
0.0001245172045836616
0.00007226884309262637
0.00006331907374494968
0.000011885119488958501
0.000010852956308715495
0.00001526904687735013
0.0001791957224231171
0.00004476626721399943
0.000026222170920857143
0.000041878823380661396
0.0007340160951955129
0.00003425736529869827
0.0004909394886888329
0.000028687168220509217
0.000020377601351717416
0.000019040579848195884
0.00003121749230372098
0.02666334882094911
0.000022193685934676632
0.00009850407937019545
0.000014419798691074239
0.000012442574708667805
0.00004049825068810008
0.000010931348448987116
0.00019921620402470823
0.000050366950124516334
0.000021775594519894653
0.000024532384786113317
0.0030088819688565797
0.000233573737058198
0.000024784981682544094
0.000011854633656630649
0.000014755142846680617
0.000015573905200628655
0.00004471836090605566
0.00019891570082033368
0.0009583221392260438
0.000015417120920085415
0.00004993143823411844
0.00005273613480828087
0.000022515964733571072
0.00003727546269915567
0.00007136297836059875
0.0002054004728683583
0.000012459995184283721
0.000012690816486194604
0.00005648153706570275
0.000030450991376620683
0.00002504628881678283
0.0001247872219557083
0.0000215796141692156
0.00007667186830454907
0.000013061001593032813
0.000025285820356501672
0.000010735368098308065
0.000012725657437426435
0.00009902669363867293
0.000016793338493742757
0.000010691816909268275
0.000010639555482420528
0.00039882872386967855
0.0000373103036503875
0.000022694524608634206
0.000015656652459804257
0.000016105229706914086
0.000014271724648338955
0.000011554130452256104
0.00002716723172302057
0.0001444070326181334
0.00005346343966524535
0.00024511915727264616
0.00003741918162298697
0.00007371909768765136
0.00007374522840107524
0.00001279098422098612
0.00006495659845284576
0.00004023258843495736
0.00008774693567736749
0.00006426848966601709
0.00004269323061570546
0.000015181944499270552
0.00002880040131201267
0.00035157132864260316
0.00017965300990803486
0.00002968884556842437
0.000015504223298164992
0.00002725433410110015
0.00002529888571321361
0.000012364182568396184
0.00003832504635501459
0.00006898508343902627
0.000013557485148086412
0.00001376217573657342
0.000033172940691607516
0.000012394668400724036
0.00009497643305797252
0.00004065067984973934
0.000046203456452312475
0.000015216785450502385
0.0004920979503172913
0.0001737518237931434
0.000023696201956549362
0.0002669383029815806
0.000018448283677254752
0.000016118295063626022
0.000042249008487499604
0.00004875120101114015
0.000028883148571188268
0.000014371892383130471
0.0000150687114077671
0.0010987311726903246
0.00010971415542903722
0.0004581846394120074
0.00004851166947142131
0.000025608099155396113
0.000014641909755177165
0.00027831822867767754
0.002239197449837479
0.000022468058425627304
0.000013823147401229126
0.0000151514586669427
0.00001991160362899167
0.000023086485309992313
0.000047026573925164494
0.000012982609452761192
0.00007670235413687693
0.00002782485467752139
0.000012808404696602036
0.0018755580867119504
0.00001546938234693316
0.00001323956146809595
0.000057740166428952664
0.00004219674706065186
0.000013187300041248202
0.000015547774487204782
0.000020634553367052175
0.000025599388917588154
0.000010826825595291622
0.000011314598912537262
0.00021791708459839375
0.00023559015711074026
0.00027583581090240956
0.000025477445588276746
0.000010683106671460316
0.0001464278077895796
0.0000611240938173443
0.000011493158787600398
0.006707684454005885
0.000013513933959046622
0.000011723980089511281
0.0000827429040566957
0.000754049642153816
0.000012041903769501744
0.000011183945345417894
0.000013391990629735212
0.000011109908324050252
0.000022298208788372126
0.00015914911010810206
0.00004281081882611289
0.000025843275576210976
0.00003369119984118101
0.03237047083747926
0.0000714587909764863
0.000012277080190316606
0.00006185575379321275
0.000015168879142558615
0.001731982881804477
0.00006152040963760638
0.000018056322975896646
0.00001254274244345932
0.000016510255764984125
0.000041978991115452916
0.000017372569307971956
0.00022626149241841738
0.000011972221867038081
0.000012847600766737846
0.000010251949899966403
0.000010818115357483664
0.000017403055140299806
0.00004253209121625824
0.00006545308200789934
0.000025150811670478325
0.00003523291193318955
0.000012473060540995657
0.000027999059433680546
0.000021292176321552992
0.000258167093508967
0.000018182621424112034
0.000011658653305951598
0.000016349116365536905
0.000016741077066895008
0.000036151842021929104
0.000010439220012837497
0.000026979961610149476
