5.718919837230663
4.545837545802094
7.162261449662564
6.394443256526663
6.811951564806517
6.117978363427996
1.1835037633828613
1.0605157997034769
5.729976376331182
3.475502472003916
4.3478031869062175
6.185895519846493
4.082334004350407
5.141881353174277
4.283268731325431
3.868781919280256
3.9735253521392178
6.294624678720412
3.83046660621501
5.296174155351567
6.264866546955884
4.2853414122899665
5.1927644372787976
7.2006771078299945
4.918856406437769
4.313482938468063
4.02443389022918
2.4931193970321748
5.393887331062299
5.064305976684862
3.5524168754592136
5.489391952102991
6.07185947310325
4.082334004350407
2.775345563179181
7.059311027047575
7.170073246002502
6.69979666431788
7.4954982261787215
5.1280158843905035
6.241086531904382
3.886619592170641
6.248271363804755
5.458877791954993
5.710439885503893
6.506583137574353
1.0636546280939072
7.252148981638138
6.14700472108686
5.127144686707898
3.3849467281799464
5.294339615568743
4.398141280630905
3.5949862599883513
7.4938921982129365
5.031450656300827
3.9004814002639794
6.608987917195278
6.565452701953491
6.878420929614091
4.8201903799132335
4.814617901702998
6.778030566840802
4.473020900716783
6.060268824559694
6.467474675056137
3.5869585073382364
5.852131897763172
6.59156313271317
5.9779752524431915
4.347815309083904
5.7509953282911015
7.067683893028553
5.171425395812212
5.384562395406551
4.118824760482523
5.786045572215818
5.6407540407840315
6.305742513618519
6.091867932668318
6.48443846800533
5.869867607089544
4.675469894095882
6.998272170878895
6.349846542094701
3.868781919280256
7.0576347854477754
1.970094510217708
5.620130819343718
5.941369384994906
6.193353101748071
5.23333829191949
5.383213198037857
5.75314306714503
5.83393822792811
4.604003822708069
6.684768207456249
4.98650880152579
0.8024408767503391
3.8335234441387014
4.126009068519126
3.5421669131437588
5.944619983459295
6.269122671269238
2.688271149113464
4.871008331651121
5.087136025413995
6.635098347954957
1.4572815798998433
4.685225640451919
6.526680283638088
6.000153445890859
6.625477126068592
9.334311988432008
0.9431405021633641
6.721587392044877
0.6146127166530795
6.916792961057524
3.2943115736719215
2.6019428992219695
5.384562395406551
2.750827007545728
6.241481350068108
6.572948401545273
2.10368777651696
5.993676370523375
6.923977792957898
6.031925128818876
7.1387385965826455
4.3987055041683405
3.3056105064685677
2.16992474272265
7.1413446826446485
5.181832000372731
5.098663040945315
7.3244790281463885
1.656080694479598
4.55633582326476
5.271403922006057
5.115605700508082
4.099614978175769
4.533761172094765
5.355232679139122
5.605765975482881
4.732046191905666
5.0702072240960385
4.095613585080545
5.577007442278246
2.082163856800725
6.444644626327005
4.694217612121506
5.791914887578532
4.7973014677418115
4.809562989404499
7.3244790281463885
4.919419417924189
1.6284957039879817
5.826215442445426
3.7487213277377993
3.83486164969308
4.196214471723486
6.389033126047677
5.28401964567527
4.99679155209123
4.767816960312838
4.371497287474357
5.36398965085649
2.7886555873298886
3.500746942819357
3.697750931523505
6.067991767071818
6.375107834462953
5.606142163487139
5.3938873310623
5.7509953282911015
5.175397542003571
8.478908040046301
4.675469894095882
6.41643899613102
5.115605700508082
2.966512587788411
6.592335344431745
2.8472108441055712
4.36421499437487
4.822831661089623
0.9820548070624475
5.850973854484946
5.244950264518501
6.502944921879385
2.309275462502089
4.766672825365085
5.355232679139122
4.180974706892208
1.7926177384996853
3.424042770626388
6.980167906859527
4.780059872801227
6.409441787581691
5.863905418656474
8.675327580259955
4.525325543244152
6.100974940318965
4.92177238028018
1.2556369815683839
6.635098347954957
5.9081321518471235
1.176055899447807
4.2037397036945094
5.217101467328602
4.892382706442255
4.8191964606634485
4.474550534773463
7.756614688858129
3.6575950105504353
5.834023137474499
5.299018176730299
5.9471103511592
7.4763076918038855
5.935513406218056
6.33238202930585
4.918106556770326
7.167502470834804
6.444644626327005
6.394443256526663
2.933727407757718
2.9027785226283904
3.3977695624467126
4.345643654891621
1.0716492089610692
5.922621666969283
6.278791838540608
5.6407540407840315
5.167165417271287
3.984261273449443
6.514610890224468
4.486967877248459
6.489719213378172
6.129337341124233
5.582372718064203
3.8786679722757906
1.7636078601904517
2.636145561181526
6.339426993532721
3.3862016574964633
4.145546309207798
7.965652818795702
2.3709431166109494
4.938169443997418
5.095253604113054
6.815631068137099
6.849251161734255
5.282654589688945
3.6421212324475305
4.70493962568235
4.493762535201
6.329176896003467
8.158921915486168
4.780059872801227
2.8921971912399687
5.75314306714503
6.750280464111826
0.9675543046898145
5.555770191417643
5.779143406915621
6.239578628631302
4.27718531865521
2.8852122376417126
6.378610416346859
6.949069739540506
5.920299211186661
5.330140732556514
4.562311420695387
6.248271363804755
5.015157578536134
6.341299927874359
4.937605220459983
2.9377540545837766
3.1987380820763742
5.602099388860854
6.452929954596147
6.264866546955884
5.654990228867734
5.4045809030758125
3.3535063712877538
2.3660864722887798
5.489703494468026
5.388614047376011
5.318330118293358
2.7393256015568443
3.561879094101393
4.157558850248261
10.927878186520696
5.226379660468643
6.122086143541718
6.171981321276576
4.7718676419446195
3.3947771432199243
6.28805467252289
6.1345842211081365
3.392942603437101
2.964687313156918
6.818746222759058
2.530474114062513
5.848966098582586
4.951827005170118
2.121960181692601
7.871137994663057
5.7853292814098385
7.144180148221507
4.007972548681651
6.3658994967661915
2.159801294822526
6.077074346997108
2.8398158350529448
4.7973014677418115
4.801557524819418
4.6706517299524215
5.295326544378819
2.087808341256962
5.8824706314025015
6.918229395612178
4.2177315352629225
3.7223691817256483
5.0624714369020385
5.589370478296835
5.320413783398365
4.476085163225482
3.5133310517880765
3.340188131926249
5.121611935159413
6.472060935231076
3.4946596715662386
3.5240379809714684
6.178936585494697
3.81884586922294
4.566972979698304
6.091487072519227
5.530886355397004
4.06054327662341
3.64685908924021
2.655086227874273
5.067186891077442
5.855592126718294
4.937605220459982
2.72473626316202
6.032195991131571
2.7403840659162966
2.335268675123257
2.8278989025425125
3.967722625435187
2.731074156809425
5.181305073417475
1.6620326819005062
4.502654306436599
4.362429689686236
3.349470886050475
4.093779045297722
4.361546146740505
4.829596623230384
4.844516342501376
5.296174155351567
3.6849872625777786
3.935684239009293
6.027235872961852
5.820532120155152
4.378122978140867
8.152241777147292
5.765430847859708
5.171697324749681
7.408161210535473
5.694785659763555
2.3791646950422707
5.446714441901488
1.6241915687705815
6.6410391039357
5.77810616886191
5.510808318899043
4.80917813041712
5.266518247305686
7.0027229225187115
6.069753708603036
7.619775733636914
4.792890277478373
5.981243775063094
4.019583809003361
1.6970225366442824
5.255229640666171
3.0332712089702314
4.9547152306189
6.46008782960177
6.2059451922554505
7.077612318424657
6.214820216591783
6.296459218503235
8.222130145335429
3.130922586571451
4.683410648433912
3.9619077677468315
4.0461997846967925
3.1290880467886275
5.750995328291101
8.317836008262661
4.777686568029765
4.643329775436495
7.119573296695124
7.054797828945308
5.845104136749958
5.875324492888506
2.6736421064234417
6.731532746086203
6.098422824360262
5.18642392686724
5.927444093410182
5.032013667787249
3.3438142220931173
6.625477126068592
6.277406085013647
4.854620319378065
3.5468680297006006
6.790154854180015
8.768590728818703
5.271049538642322
6.4565965412181745
4.133151956088293
6.721587392044877
2.0764147405649362
3.348928149158723
4.4320439431899015
5.963834426428448
2.891632967702533
6.490758534380308
6.052298478617187
2.3923866779727376
3.3862352347130327
5.284583869212707
6.79368479258114
6.2845755711396345
5.602099388860855
2.8064818570540897
5.849021668529527
5.318330118293358
1.7531596312350604
5.957401571585809
6.95311251416679
5.855592126718294
6.321134404638536
6.128306257107856
4.955988326789937
6.034030530914395
1.892350260636455
2.0478067925402725
4.728250237805568
0.9483631379162711
5.738231778793722
4.671517728213809
6.522159763271796
5.443184503500363
5.8235367270388245
7.708722033145838
6.336827693093166
4.674905670558447
6.987724391463684
1.5576560150304495
5.149285971823679
5.590402203661945
2.0656862379878795
4.486577703300627
5.769850766399371
5.531994030593713
3.6575950105504353
2.6020880840244778
4.6001400004795485
6.215256138603963
6.734118343146486
5.047472905847011
5.685510703603587
6.294624678720411
5.0694686454513675
7.873399761257261
2.945717020303171
1.3044804800211753
8.908846651176741
2.6164315759510957
3.097005274130252
6.428065301793508
6.814725777176117
6.3745448229765325
5.44616827922624
4.878494737142386
5.714622136218198
0.5453799099568034
6.792229118643142
5.471775872079407
1.4673376918187462
4.3478031869062175
7.2504056376701325
5.438003595913137
4.345643654891621
4.349637726689041
2.8278989025425125
3.1396073526209753
3.248367362811294
6.574699208516989
3.53361916867155
3.4364008446449543
4.837054304109415
1.7559308814991215
3.8320474577462966
8.189187890318307
2.309275462502089
6.575761566964696
6.2606679265673515
0.7517520499231348
6.38797471543227
6.131743706625127
5.312577629230993
5.344593100936294
5.9081321518471235
5.993112146985941
7.708722033145838
5.765993859346128
5.393887331062299
5.583626237450071
7.227277326174924
7.464948714107647
3.2432650837806847
6.117189391350471
2.943119330369733
5.394902570913816
5.68734524338641
4.110558243906647
5.01248484054586
6.67493201151524
6.5228184466147106
2.828463126079948
3.7487213277377993
4.880589519351202
1.1166527719437027
7.115697112691177
0.3091103437999463
3.6336409119115287
5.5980701849050645
6.573350011148294
4.02443389022918
6.239578628631302
3.4453894003830627
4.47802205029717
5.5360562061872125
6.963303982663346
7.171833774404918
3.597378747977813
4.3675171721366475
4.068531158009552
3.075368748523728
4.045514819761778
4.142733143788374
6.0810623528693455
7.054797828945308
2.7886555873298886
6.537880023928361
4.389512116757229
5.294339615568743
4.133151956088293
4.215896995480099
5.710664434768123
4.39241301892953
5.66060807956183
4.647915151979419
1.725947686479461
6.2254650878220374
3.366199010154323
4.939439760242807
4.922336603817614
5.819991251396434
2.2985395411918637
5.4088858621173275
7.628484124123567
5.823157861193999
5.8287875226176915
6.75585621279698
6.027235872961852
6.398295960029959
4.871008331651121
6.126006116078111
1.0831157940311784
4.450606413416242
5.157730212214309
7.449294488367311
6.5250802132089145
2.839092942573704
3.683465702557119
6.883026556866865
4.775115792862066
2.0770724199467367
7.328357229580303
4.441724444349541
3.4884992403265365
6.139860628158024
4.783371195324606
7.635630262637562
5.115041476970646
7.992738259866362
4.880277976986166
4.284724405263429
3.1759269057302406
7.070726721491496
7.217829128185383
4.091512685788249
6.738451316241058
6.917183135005356
8.00675029298683
5.671585412018863
6.536891447736176
5.231479620546441
3.920450923546449
3.577664762747382
5.498989350403078
5.140923876722471
5.680326422059719
3.2839141882215275
5.308878118426483
2.039231306816812
1.639231625298207
5.45844589831595
9.03336368023497
2.891632967702533
5.4777578398790086
6.102945655287118
4.639917605257296
7.785355622366632
3.570417434122631
6.032195991131571
5.494047598352669
2.838634823852738
8.250747377912049
5.373897796816177
6.075654232339424
5.531450578934439
4.6435362583657245
5.791914887578532
5.493944394702862
6.513139944084758
2.9485025092397663
4.783371195324606
4.885065195331153
6.343622351045708
6.926116753501676
3.446281732345758
7.818963320652907
5.189560475880015
4.303807581592425
7.115440898208817
2.8535425393167912
6.251295654253969
4.562529362210707
3.1953692189614986
7.3882597785839375
6.738451316241058
6.491584606519325
3.902315940046803
5.43171591084646
5.160331718090255
1.6241915687705815
2.362047944333409
6.786754092500778
5.1231755410640005
6.735718413575661
5.3063926373738735
5.446168279226239
6.063856169668427
3.924079187962671
4.865116963246734
6.531735642086107
3.8198211642171276
4.749785290644325
5.454742194551603
4.096465025881191
2.045972252757449
4.562311420695387
5.182313722577765
5.579591421428999
5.284583869212707
5.127144686707898
4.1795314092394555
2.9954300958403066
7.061592486897849
4.794903916472567
5.443435376560842
6.2293471417494075
1.0866562038178844
6.705422315326524
5.196651271199521
8.432172480153026
5.833548053980278
4.184918360802942
6.514135767950938
4.151280888260583
4.493762535201
5.4741176949398636
7.024209169877382
4.956929284200728
5.84748256610135
5.138106359415007
2.318891822548651
7.539838110013594
8.24201133508899
7.023703122101313
2.913514443938616
3.685058693253148
5.887620750505764
4.051699172426924
5.457528594586299
4.759626939347183
2.357398612671587
6.568869509167341
3.3849467281799464
3.148802032019058
7.820558461111945
5.2356874305362195
5.981656491766742
6.0597046010222595
3.688675674896608
6.987724391463684
4.705579000998015
5.640754040784032
6.848692603748127
6.118890932653506
11.438653770748619
5.224909162357674
5.43891485619455
5.388185051409588
3.3779023943417403
3.8655844356588207
6.618374272685708
3.2948745851583423
2.573225034814758
5.209253975596373
0.6967870571442193
0.47816048742164863
2.832522484384937
1.1544938850736275
1.9280067959309422
4.5650379851714185
2.498884852890929
4.40604360341931
8.350514468943558
7.5680849846855995
3.7393570286523894
3.625613159261414
0.9038202395297938
13.166500681402058
4.9290865369653005
5.59007268702825
6.54858877775731
3.2948745851583423
6.45040732844213
7.0027229225187115
5.519192281991032
5.605446801973841
5.678582620568192
3.2797047088359705
7.837899262513668
5.673419951801686
4.387677576974405
7.115440898208817
4.0461997846967925
6.231181681532231
4.181308526033075
5.858360699939313
3.4248211182481345
5.247451750943631
6.66530046897301
4.195654282113167
6.409441787581692
2.899925474799616
5.892807896481745
4.9725835099410665
1.1652298063838527
3.2570334720284175
6.268923329029891
3.4453894003830627
5.475952234722687
0.3898936498694611
7.690022234821811
7.822913339838097
4.545837545802094
6.131743706625127
5.52722053188715
5.321848225459432
4.313482938468063
5.960148403821495
2.4044125823304396
3.6421212324475305
5.221899158487689
6.025401333179029
4.588543055538404
5.002447227107587
1.9172323872476655
5.924870708610101
6.554717156054478
1.7896817516394816
3.92019538549441
3.4625926387248476
6.792644947443134
1.8019673305644661
2.72473626316202
7.178759628326372
7.115440898208817
5.84287184642443
6.281260014570348
4.13702814009224
7.053758601443829
7.002722922518711
6.14700472108686
6.164884166534468
7.142949508099505
2.1408064851067574
6.017999837234152
6.3817169211322975
5.2995824002677345
6.1018460264193175
3.5729544544953953
3.4900839534297634
3.8844862206558646
1.5820887132173622
6.305742513618519
2.6748002131047035
4.713298473880043
5.141318341687856
5.555770191417643
2.15226481095711
6.008449390115178
6.642112343406004
5.671585412018863
2.6148083040211114
5.045251302263985
4.2486524259629626
6.784799696902269
5.358451964646873
4.111658490745329
5.3263994311012315
4.939439760242807
2.9755951677137014
0.962535776711693
6.095051368466775
6.529413186303485
5.562587928682794
9.383005844496667
7.229440982082153
5.67546159602281
4.569579481038565
5.736482467436881
4.8201903799132335
6.900611063275916
4.770410291599138
4.5976496327796434
2.6409593221586998
5.27850677538894
2.661002198001999
5.887620750505764
3.8564669459856016
5.090636987932074
2.2333055438874054
2.8870852341737594
5.849624657116252
5.264676935315152
3.1902121346966266
5.90343528699048
6.469670635857856
6.268742730959831
4.186871010573983
3.3595350706399723
4.996652000366057
5.824863423725267
6.66530046897301
6.901365471415996
7.414369180556536
6.264866546955884
2.5749199819442548
5.141054986511607
5.660008696152413
1.522616390480636
4.08641060345716
5.773167169552908
6.440219811469802
7.407574522603994
2.011215522591626
4.280624173705052
4.502654306436599
5.655752571839059
4.128136109558174
4.712734250342607
1.4419999898615616
7.146993999045185
6.649646243232672
0.8659791263998691
0.9563209748432973
2.9278579358652337
7.879165747313172
6.366141653056487
4.170945897684403
8.335979687576264
2.750827007545728
5.664633133605088
1.101495741223832
5.358899265761149
6.496012128933991
2.6231610848720743
5.715314487360869
4.348205230573589
0.9182243189167704
4.771920581973854
2.5535110495843276
4.522897256409893
3.943939641471833
4.33786940999457
5.96731848347837
4.607061258513661
4.174869253222164
5.718919837230663
6.0808898471962305
5.467755426496465
3.377351200005642
1.0169810140393065
4.920771638953394
5.36398965085649
3.9634019266307474
5.147451432040856
5.270054724637362
6.901313884820482
8.081088693826139
6.2606679265673515
6.08165087657822
6.191518561965248
5.446714441901488
6.735718413575661
7.212577057885971
7.378895479498528
2.943119330369733
6.8390121025884865
3.6300535668027964
6.032195991131571
3.704368963351239
6.512549262107305
6.329176896003467
6.28805467252289
5.008818253923833
5.605765975482881
2.790622012950023
1.0254563030784611
4.754875675739665
6.7283607441366975
7.213586453081504
3.609017976110285
6.465893881577667
2.95081929933378
4.6544311151053295
3.4877768357864087
1.441556123604169
7.344832388692486
8.327244389505484
0.9288996527666371
2.5324419089851267
5.388185051409588
3.4184837060924704
4.948144772430133
6.388470114561256
6.3237361113350214
5.296174155351567
5.343205977306519
5.154951520918918
5.90343528699048
7.901991129836305
6.3226064378147
8.242403056005879
4.099614978175769
6.04511531840946
3.9817807546017576
5.132121472189786
2.7153046526794533
4.423084850659467
4.1224450269049004
2.749494675201539
6.055828417018312
5.293446095462827
5.820532120155152
6.129337341124233
2.8362754252662388
6.801712545231254
5.824863423725267
5.122700285178205
5.922057443431847
5.326357870943473
1.699873795030431
5.090636987932074
4.246895825479268
4.980958711911426
3.4155958321709137
7.085030342154142
6.475730077518677
6.522159763271796
6.961764610853964
5.165816219902592
8.144837393975095
6.926484798074718
4.476187510514347
5.021776463419696
6.514610890224468
3.92019538549441
5.181305073417475
0.7655946881834444
5.8249924009768215
4.612648163834671
2.8492441210438346
5.357887741109437
2.410624978773559
4.184594973314585
9.620931121834332
5.785544054854002
2.779038717839474
1.052918706783682
4.892766983856036
6.110361212586524
6.656037634990728
5.8469386765327815
4.006860167838601
6.446682595238624
2.933727407757718
3.3338502382788437
4.622342596218692
2.260698428061939
6.366141653056487
4.612648163834671
5.308878118426483
4.941084321843238
5.9160367411958426
7.435338752615882
4.413111043442018
4.65997775316375
6.2059451922554505
7.2345911011854165
5.660262816315418
3.746386228923887
6.537880023928361
6.633749150586262
2.9963983740589524
5.438710598347209
5.857049421179642
5.694785659763555
0.5797800060854
6.848692603748127
7.527343370729002
3.5710070930446065
3.5168950934023018
6.922548410791313
5.4741176949398636
4.92177238028018
5.866616102401853
5.511121590411513
5.388748062896009
3.83486164969308
3.800966423775333
3.3947771432199243
6.4565965412181745
2.5813367235943194
4.919076789078213
4.573199747460942
4.584349926734477
4.013684556096074
4.119136262688744
4.47802205029717
7.577666689797754
8.088123195346164
6.039233233867183
6.866216081099096
5.997299026526412
3.970131435551726
4.977023917482448
4.972583509941066
4.476085163225482
2.4484660919034837
4.303243358054989
3.3400612812118156
3.874508477881961
5.705224688834018
3.2097127108881165
5.467755426496465
5.858360699939313
5.572247810230488
5.2995824002677345
5.655752571839059
3.9794290804215797
5.963834426428448
8.282784252700882
4.922336603817614
3.50903944991644
2.2825189925857092
7.631983220052076
4.531603648330925
4.440193470513011
6.491584606519326
6.69979666431788
2.9863310890239267
7.347123796570512
6.096755641323977
7.279076901692276
3.3749395137175804
6.75585621279698
6.239737334535688
5.880163513759147
3.5738012882737418
3.629489343265361
7.416939955724235
3.250056532626332
6.298997177037155
5.493944394702862
0.8671698664733899
4.0948649554520165
3.9807588260604607
1.9280067959309422
6.590213935344476
5.28677879990661
5.0956916784174515
6.006948103843402
6.030380999113564
4.63317168927334
6.319778409884948
2.9485025092397663
5.031640065667208
1.1652298063838527
1.6029710409117137
3.0245269367947047
6.269306954497266
5.303331587238329
0.5075387968268786
5.740732566977877
5.575578060111662
6.145170181304037
7.545820958264979
3.4703847979932627
2.6504425693293037
7.087702917657529
4.708311903663412
7.716994057663509
1.5961489796900814
6.489719213378172
3.5333053243600308
4.2410509302484884
3.704368963351239
6.375107834462953
4.701058480631723
4.885065195331153
6.156148481096771
5.84748256610135
1.3560500651490197
4.234727134378238
5.294339615568743
6.239015617144881
4.158702985196014
6.03299836828918
7.333989091127636
0.9145561608400191
6.04459850965314
6.946275757339081
6.107540314033481
7.618967531267717
5.49251665988745
6.096755641323977
5.047472905847011
5.179709932958437
5.773167169552908
6.571879513037326
5.243243584664824
4.407391562204836
4.39241301892953
2.410624978773559
1.293363596047028
3.647146149447854
6.032195991131571
6.790154854180015
4.021770563784355
6.017999837234152
5.394902570913816
4.837054304109415
2.406247122113263
2.7771212595962087
6.060268824559694
6.581371979643549
5.5543435341408305
4.045514819761778
3.868307719344935
5.73258871165664
6.625477126068592
3.127841489680015
7.031666406624
4.348471003769213
4.7897222331621965
5.392698082081198
5.569822610377873
6.1345842211081365
2.5535110495843276
2.8093697309756465
3.710066675814622
6.506583137574353
6.04511531840946
6.710497155393692
5.595622776642615
4.03567862382077
7.3108047771081
4.980958711911426
6.378610416346859
6.491584606519325
5.537890745970036
12.200095254607293
5.217101467328602
7.097965678970753
6.424406988671539
3.643955772230354
5.284019645675271
7.577666689797754
4.828889620796312
4.6418449358379945
5.531994030593713
4.18324577594589
7.4763076918038855
6.000153445890859
8.462411248888468
4.355852383982769
4.019660719096361
7.838554957198977
6.145170181304037
7.131273738388621
6.526680283638089
2.111599960808051
3.2530405367538284
3.239320611316107
3.0824587787711333
6.116629166059303
5.604688396394029
4.794903916472567
5.848966098582586
5.729976376331182
3.7850408808470646
5.086327379332041
5.106330276386705
3.8573252784792214
5.024294421872495
6.630989996354923
4.170945897684403
5.047472905847011
7.461855323424105
1.3070242671619003
6.131743706625127
6.241086531904382
2.5275381272023094
0.9038202395297938
3.6106146282063856
5.2023811697659905
5.86560670720632
6.091867932668318
2.085406243740411
3.1014791792834067
4.535544911688609
5.367969312340675
8.162803969413538
5.320413783398365
4.701058480631723
6.021876021238098
5.441438286769744
4.734092002189694
7.12013752023256
1.7945855334222989
3.786585771755405
5.471061960955511
5.849021668529527
5.047472905847011
8.854622246428436
4.508008966017933
7.662504609030867
6.14935382314423
6.083231670056688
5.182313722577765
5.6407540407840315
5.510808318899043
7.748545376050256
6.438385271686979
1.0636546280939072
3.133246715295922
6.261948073007289
3.4155958321709137
4.0263642374469795
4.196214471723486
5.271049538642323
1.725766747060527
6.177077105897533
6.167160730592885
5.053376342628972
8.031951469775668
5.68734524338641
5.174227808601893
4.533863551770877
5.478346330268174
5.370734601928405
2.966512587788411
3.192297959380163
5.010652793706656
4.238603318382185
3.381279887125916
2.341705324216956
3.8142115025756427
8.90884665117674
3.661835217677961
1.904435399491981
6.294624678720411
4.980611262591181
6.877856706076655
6.987724391463684
4.511261236213593
5.734647927654057
2.6569207676570965
5.519192281991032
2.618266115733919
5.566043259317553
8.839859595935376
5.147936774454985
6.819727374514127
6.460917835982291
6.987724391463684
5.382648974500421
4.225633211349237
5.814925353450539
5.147451432040856
7.234591101185416
3.988535657662819
5.793799457316542
3.625613159261414
1.2343663729146677
3.9004814002639794
5.537890745970036
4.238603318382185
2.593186702497076
6.705869616440801
6.041187962801157
0.9182243189167704
4.348471003769213
3.473220029233582
5.082185422132469
3.5299331460645966
7.2470254884912055
4.119136262688744
4.770219040670819
4.624224316802666
7.067683893028553
7.407574522603994
6.528275424097126
7.002722922518712
5.271403922006057
4.524808990378383
4.405205405211859
4.066696618226729
5.388748062896009
4.562529362210707
4.771920581973854
8.162237444372108
5.8407328858806515
5.396734941698996
5.410671499936242
5.902560070579652
5.714622136218198
5.344593100936294
6.041187962801157
5.3263994311012315
4.331483156842472
4.903773833370737
6.067398829876884
2.9755951677137014
7.447945290998616
3.8110675678147707
5.954253238728366
5.448869807651695
6.883026556866865
4.9290865369653005
6.801712545231255
5.106893287873126
6.73515540208924
3.392942603437101
4.604003822708069
9.301195605003624
6.788833795118737
5.1927644372787976
2.705583594565664
4.864553951760314
5.064305976684862
5.245364993752093
5.671585412018863
7.933593003263213
6.429646095271976
0.6164962209295562
5.432767361195316
7.115697112691177
5.9290710412359395
4.413111043442018
6.580560293529944
2.9863310890239267
7.449294488367311
1.146149046352523
6.7283607441366975
5.696927632671095
6.239015617144881
6.452900028789545
6.817465607919923
6.524661598213671
6.974541308420137
6.818522022995284
2.7767699793941394
4.243550146932352
3.3656347866168876
5.237385974214967
5.8287875226176915
7.0072331669950705
4.948144772430133
9.909469211395772
5.780811299866506
6.467320379435008
2.768237224888818
4.211907760178118
6.839554839480238
2.576840196736309
1.594195000644763
7.618967531267717
2.8786628606695848
5.39672784554531
6.378610416346859
3.9300624517241967
3.3749395137175804
7.227796443232874
4.417453222193964
5.7853292814098385
5.28677879990661
7.525762577250534
4.722654244877317
4.355852383982769
4.099197928546587
2.433626554497536
3.848524283002754
6.511769593168682
2.8786628606695848
5.322412448996867
6.095051368466775
6.908237308054068
7.419392835269322
6.069448673596725
6.59156313271317
7.137722026641612
1.0005540997271858
5.18079826679066
5.373897796816177
2.3036955959278758
4.880277976986166
2.67926477372126
5.605706241474959
5.070499189552153
5.605706241474959
2.937766587929541
6.917183135005356
6.5609118894679614
2.9377540545837766
6.918229395612178
6.278791838540608
3.6205108802308046
5.030373551144797
5.73258871165664
3.997622750256642
5.049307445629835
3.194827554723077
10.120862220059495
6.641309966248396
7.558615111439316
1.8545091475065303
2.9963983740589524
6.4095152251324095
3.848524283002754
6.8130117628178954
5.132121472189786
5.417074072740684
3.0583506222070747
5.279459378800732
2.772165912009092
1.755263021469347
6.409644338178477
5.750782381491702
1.6050262420362176
1.210147188787145
0.7797872997389222
6.901313884820482
8.339497029131937
6.257102105982272
0.8989044731078315
6.141874267152218
4.65997775316375
7.853553488254005
4.074968035401328
1.9030861819466804
6.96246626023427
5.106330276386705
2.611066147944683
4.329055468880593
6.333479152205442
4.941084321843238
4.708728953292592
5.5543435341408305
1.639231625298207
6.818746222759058
1.1122316625340574
6.197058713963639
8.32785883975205
3.5351466363505644
3.9747487617337116
7.265151610107552
3.3199539983951856
7.141663931174901
3.866971188108658
1.6284957039879817
5.149285971823679
4.573199747460942
5.43891485619455
5.141318341687856
4.795466927958988
5.582017159586476
4.08461644712074
5.249031580374121
5.403310113432175
5.4113126301976155
1.736864000549113
4.787613870428485
3.4045705809792493
2.555345589367151
5.898705940442859
1.6922297691480024
4.787613870428485
1.69356310814047
2.0622699750350066
4.371497287474357
7.469513033851343
3.4405144067027655
4.329055468880593
2.852978315779356
7.416724059282688
4.03567862382077
7.030355258236447
4.708728953292592
5.788823908075261
4.6976281589734885
6.995928264566169
6.0597046010222595
3.459919508856397
4.707619415720174
5.588021280928141
7.580337709537708
5.189560475880015
1.8113530257217723
8.455616590935927
3.0015006530895616
5.475952234722687
0.9675543046898145
7.129622404275901
5.429304355030058
6.995928264566169
6.843326301198916
1.3079173234386112
5.03722354961387
5.575578060111662
7.7387363793927255
5.824992400976822
1.5316925099899332
5.189921097056525
5.772602946015473
2.3611355530453153
2.9121646474106027
1.69356310814047
4.364682849386434
5.4390972910600155
5.190991036568924
3.577664762747382
6.083231670056688
3.1846332976512732
7.879085065408593
4.694217612121506
8.711475272327245
5.299018176730299
6.378610416346859
4.23916754191962
3.609017976110285
3.83046660621501
6.067398829876884
4.235402367384552
1.7054106802526423
5.9313202774141285
6.678867683719861
4.712734250342607
3.997622750256642
4.71215403620446
6.428065301793508
7.589281881976351
5.388614047376011
7.137157803104177
4.0717066138416715
2.301830934148768
7.465404859481653
5.589370478296835
5.84287184642443
7.545256734727545
7.40891220307412
2.43008614471083
3.81884586922294
4.420181542931595
5.306742134090313
5.454742194551603
5.5360562061872125
5.492852552110781
5.378772790496474
6.268742730959831
6.937043037707903
5.602099388860854
6.561587733732657
4.6247885403401
5.404017891589391
5.9471103511592
5.457125210114235
6.641309966248396
5.031640065667208
4.918106556770326
0.9990076249862851
5.983011771933001
5.373334588126632
7.213586453081504
5.091199999418495
5.478346330268174
4.552175439449499
3.935684239009293
5.179709932958437
1.6922297691480024
4.994329577194707
6.031240320323509
4.775115792862066
6.8130117628178954
5.220273047169486
3.6300535668027964
3.7223691817256483
4.985411678626198
0.7168806591459809
3.697750931523505
5.2411962869164395
3.938322513393904
6.926484798074718
4.876903496744248
1.892350260636455
6.389033126047677
4.030318608933477
5.59007268702825
5.6407540407840315
3.264200202991097
2.8852122376417126
5.1231755410640005
5.294339615568743
1.1805677765226577
2.6231610848720743
1.9728617144387126
7.3108047771081
6.075654232339424
6.7270923385448205
6.618374272685708
2.02072436546928
3.6336409119115287
10.707988809671164
6.937043037707903
5.165816219902592
4.622342596218692
1.656080694479598
5.5043904831580175
8.705709044975556
5.639927968645014
4.235610980710529
3.5794993025302055
4.70493962568235
3.5869585073382364
2.2052629548069054
6.160539177786992
4.443975624809904
5.047472905847012
5.195247863533748
7.199874073136549
3.8752335129758104
7.080908259704986
5.161065480916184
3.3991717645294117
6.3817169211322975
5.811495144882815
4.043679352427229
7.343907414197377
3.5168714615747825
6.976052803558992
4.695898499838375
4.003891118336749
5.543767730227611
4.2177315352629225
5.3771996826724955
6.064817295071631
4.035463863386567
4.423325477692467
6.343626492746555
5.572247810230488
3.2564704605419967
2.555345589367151
4.702893020414546
3.4873024924542424
5.082185422132469
6.629691306050739
4.566166432246289
2.5455338049664236
5.3063926373738735
6.3280338123474875
16.156729482999623
7.965652818795702
2.655086227874273
5.471775872079407
5.920299211186661
1.6241915687705815
5.031450656300827
6.871062048124114
8.427878610384639
4.094095649515978
4.190649108191931
8.0125879758211
6.868574188487084
6.185332508360073
3.688675674896608
1.7856695517198802
6.684768207456249
4.8868997351139765
5.787163821192662
6.378610416346859
7.046605726697887
7.77137733935119
7.609925190715335
2.9386311895405353
4.996652000366057
6.5035141907061425
4.013858059296999
6.574699208516989
0.5561158312670287
6.277406085013647
6.017999837234152
4.348205230573589
4.943648223438926
2.7900577894125878
4.829596623230384
4.495901495744778
4.770410291599138
6.734118343146486
4.093779045297722
5.2524437505533195
5.18642392686724
4.31165766383657
5.892807896481745
4.440193470513011
6.676512804993709
1.2069515978951317
2.430215257756898
5.294339615568743
4.784773355945475
6.3226064378147
4.767816960312838
8.95983987922272
6.5609118894679614
4.1615945408026445
6.267238384756118
6.980929733511142
4.79673845625539
6.261948073007289
2.731074156809425
7.4763076918038855
5.750995328291101
6.805848142634645
2.170537216132751
8.152241777147292
7.310544534682107
3.01649918414459
5.032013667787249
4.181308526033075
8.13177004758192
6.396489406671556
5.245293491246378
1.6379319309607399
1.7896817516394816
8.394049684185347
7.924081115013042
4.002056578553925
4.137592363629675
5.835450102820317
5.912572559388506
4.036242847358205
3.316908527802525
5.577007442278246
6.6723986954386065
6.396277796309486
6.177077105897533
5.284019645675271
6.705422315326524
2.5913521627142524
6.169572286409288
5.996937063517725
4.328491245343159
7.452649109655162
5.71122865830556
4.037259417299238
8.34472276394823
5.5043904831580175
5.294339615568743
2.5210007269408545
5.138106359415007
7.901991129836304
4.6962789616047935
5.582017159586476
5.710664434768123
4.956929284200728
4.018599939190386
6.269306954497266
7.611520331174374
5.9779752524431915
5.085301485631171
6.5035141907061425
8.427878610384639
7.6767978681453775
8.265665360577216
3.1467921845213485
4.338595221751905
2.487891299013428
3.575626562905235
4.519516638676133
3.5726150154116185
3.340188131926249
11.33918761087032
4.2410509302484884
7.748545376050256
6.4664581051151035
6.565452701953491
4.036242847358205
4.584914150271913
5.736258661824722
5.035646025576259
3.109481696048848
0.8275384947125448
3.381279887125916
3.1415558841019506
3.475502472003916
5.0694686454513675
4.206492723094637
6.1776401173839535
2.1430532811045215
5.676025819560245
7.183813183633814
5.4390972910600155
5.383998171869116
6.770051093371603
4.815180913189419
3.0015006530895616
3.9619077677468315
5.252650233482548
3.3773512000056414
2.63925338769447
5.705224688834018
6.269306954497266
6.102945655287118
8.170947824734775
3.8979799138388493
5.8317892776467195
5.047472905847012
6.025401333179029
6.409644338178477
2.8921971912399687
6.538185016352764
5.531450578934439
6.494421782720508
5.866616102401853
1.725947686479461
5.134612055879568
5.997862038012833
6.525224609700091
5.122700285178205
6.006199897500007
5.606011025511276
3.9230843739577104
4.976459693945013
5.333194089053773
4.695898499838375
8.711475272327245
5.0624714369020385
0.9990076249862851
4.142733143788374
5.314053600799174
6.130341546004258
0.003708637802073214
3.3229278093881316
6.61868246811605
3.358608650318363
6.877209113781959
4.330325785125982
7.090193010920648
5.459010121853385
3.5270890463260898
4.035463863386567
0.8974324466963397
5.062544874452758
3.8142115025756427
6.872801689289909
6.710088915435788
6.452900028789545
6.731532746086202
3.5168950934023018
5.873645091292499
4.096465025881191
5.498426338916657
5.38812831617808
0.4734482479594867
4.685225640451919
6.323736111335022
5.850973854484946
4.231244576090392
6.582756254465444
6.424406988671539
1.0641109550016385
4.6247885403401
6.540773501663546
5.2023811697659905
4.309816351846036
3.4281454421824145
3.7660737224127314
4.983726307341225
2.530474114062513
4.438358930730187
5.091199999418495
6.102979832372969
6.3654273333033125
0.9288996527666371
5.81081910840156
6.6410391039357
7.708722033145838
6.416438996131019
7.143513731636941
1.0150775936537573
5.086232933119845
4.5894350565013
5.641127642904073
6.578449971226093
5.797209797541855
2.7393256015568443
6.751073251570546
3.938322513393904
4.983726307341225
2.8492441210438346
6.7593286540330855
1.6114682539294305
6.00401654603064
4.662403828708545
3.248367362811294
6.11478731099249
4.699103936888543
6.017999837234152
5.755160738891334
0.4429496919919735
3.463086769108367
6.963861661944366
4.111658490745329
3.4126565886675313
4.699103936888543
4.06054327662341
4.527323355394238
3.949990447605548
1.052918706783682
6.496734725622588
4.6001400004795485
6.100974940318965
2.431419483703298
7.138885238258183
3.9940607032967703
7.40891220307412
5.641127642904073
5.76008139412167
7.7245548733256415
0.45499697988481436
7.178759628326372
6.349846542094701
2.4931193970321748
7.670743118472036
4.458072915960617
1.9030861819466804
4.717846944391978
8.183358324901928
4.209997774039785
4.9598379521723475
2.8649374094984656
2.260698428061939
3.6076687787415906
5.694773537585869
5.269091728280574
3.4625926387248476
6.870408728269908
3.7757299344985524
2.433626554497536
3.998604765376061
5.132011231526717
6.079016542585318
7.372371683858681
6.740857681741951
3.4722261099837963
6.641309966248396
5.049307445629835
3.5168714615747825
3.64685908924021
4.511630066939606
6.032195991131571
3.9940607032967703
7.364970187913804
3.666621464017239
6.04459850965314
0.9145561608400191
5.392698082081198
5.4088858621173275
8.16966126596371
6.112473416928053
7.309151547762253
1.441556123604169
5.715314487360869
5.441835306131669
4.80917813041712
6.472060935231076
5.4938316801702936
6.738451316241058
6.784799696902269
4.99679155209123
7.267269561866312
6.268742730959831
1.0492554657024973
4.98650880152579
3.676227437173142
3.721306815687044
6.883026556866865
7.205331050618964
9.714967777268745
4.595337713490946
6.4565794952038775
4.7214172444951945
7.197944205164598
6.61868246811605
7.079559062336292
5.215752269959908
4.188135383101291
3.4823987106714256
6.08165087657822
4.137592363629675
4.937605220459983
2.962846001166384
7.415829925066534
5.224909162357674
7.087702917657529
4.822601935729636
3.6107830342795557
6.433203283799497
6.467320379435008
3.358608650318363
6.429155772812122
5.678582620568192
4.815900883051905
5.8050432666402685
1.7945855334222989
6.739668432760851
1.657115527011531
5.758399946940504
7.3712995796001355
8.087987980809196
5.81518029342471
8.559552598881131
6.424039328567363
5.537619458871582
4.147077247673017
5.531450578934439
4.878494737142386
4.622893682499231
4.714797225343174
6.336827693093166
5.417074072740684
3.6168733451593615
0.9431405021633641
5.03722354961387
5.75656540715768
0.8285152145502125
3.8326104692327174
5.3582045083615455
5.051325609350307
3.3400612812118156
3.9862237383741217
6.496256322503331
7.461855323424105
4.88032927692521
6.856290884364829
4.495901495744778
6.394443256526663
4.553577537001308
2.5913521627142524
6.2221516929487
4.041157965498429
4.284724405263429
6.339426993532721
5.3924851704414305
3.097005274130252
7.202135839730752
4.235610980710529
5.314053600799174
7.205331050618964
4.091944505514898
6.822628276686428
3.9862237383741217
4.647915151979419
6.388470114561256
4.403370865429036
8.560795250220567
6.714907199369867
2.6774635395495285
6.673369781780883
3.8661474471452415
3.643955772230354
4.898208722372816
6.514135767950938
6.887905813657432
3.1953692189614986
3.109481696048848
4.795466927958988
4.363469534824242
9.168666573997955
2.1415288896468847
6.2254650878220374
5.588587617775243
4.428671464075018
4.741747493899576
5.996937063517725
6.126006116078111
7.096746972799022
4.0948649554520165
1.6962482515549977
6.883026556866865
5.602099388860855
4.328491245343159
5.242285664390164
6.1776401173839535
4.094095649515978
5.924858569445359
5.640754040784032
7.882496972359293
6.108103325519902
5.045251302263985
4.701058480631723
1.736864000549113
6.634515308295853
5.026567197310788
6.963303982663346
4.76965881537965
1.1166527719437027
0.9699971820502676
4.094893093759434
6.537932987180536
6.735718413575661
5.765430847859708
4.27718531865521
6.267238384756118
5.18079826679066
5.33550600834247
5.403310113432175
6.364852996936116
7.129622404275901
4.030318608933477
4.898208722372816
2.95081929933378
6.564071818008253
4.246895825479268
6.438170350098147
6.793684792581139
6.864546286827369
6.124656918709418
4.110558243906647
5.997862038012833
2.3987957267563056
5.7853292814098385
6.741017630129544
2.9976937172674605
1.101495741223832
12.267566679112662
7.725580767026511
6.529624621465821
5.413666968906381
7.833525371189073
4.7897222331621965
7.586548979310955
5.301436979151536
6.262512296544724
1.8545091475065303
9.34429207755362
3.970131435551726
6.902445603058739
2.688271149113464
5.941369384994906
6.117978363427996
7.265813887928315
2.9793060497299284
4.4717556768714175
2.8649374094984656
10.063945439517676
5.174227808601893
1.5766682798066385
5.146102234672162
3.6107830342795557
6.083231670056687
6.1199222940158675
6.118890932653505
5.8464999493317915
1.6050262420362176
4.145546309207798
3.7991318839925095
6.112473416928053
6.850200507021206
6.491584606519325
5.051325609350307
5.243243584664824
5.1280158843905035
7.728687271811949
5.927444093410182
3.459919508856397
6.714907199369867
1.6957701789347084
7.876929699658386
5.290909992151485
4.342400446519958
4.235402367384552
5.3582045083615455
5.443184503500363
7.267269561866313
4.880589519351202
3.902315940046803
0.8659791263998691
3.7850408808470646
5.823157861193998
6.283113843873089
4.674905670558447
2.886530688671924
6.496256322503331
3.1079350047745296
4.565602208708854
4.549888403615227
6.145170181304037
5.1343534185337045
6.227559870030854
5.050762597863886
1.8306063821353493
4.474550534773463
5.051339314030891
5.0505885196282705
1.872477276222288
2.937766587929541
3.2564704605419967
4.505161547083521
5.660008696152413
7.4763076918038855
2.2081566111198745
2.897821155483985
5.606142163487139
2.899925474799616
5.121341001281177
4.871008331651121
9.016738133518635
2.166231588062357
4.754875675739665
5.357887741109437
5.922057443431847
5.997862038012833
4.606736725373466
4.530038662573133
2.779038717839474
2.3145246553694663
4.815900883051905
0.35844032957299043
3.4506581271966117
5.718467638154008
4.624224316802666
1.7054106802526423
1.0844491330236459
4.548191694134523
5.765993859346128
5.482373097402403
5.888539016336093
3.2570334720284175
4.405205405211859
4.131372475975759
4.1615945408026445
6.395622101624177
1.2851866889895163
5.344593100936294
7.2345911011854165
7.604133485720006
4.63317168927334
0.8275384947125448
8.709007096297507
3.008882033303117
5.778860740315445
5.438550097433327
2.7900577894125878
8.170947824734775
6.707784545704023
4.31165766383657
6.7158704128252324
5.4045809030758125
5.755739021819291
4.588543055538404
6.906402768271245
6.887905813657432
6.375107834462953
3.629489343265361
5.77505096338235
5.530886355397004
3.1846332976512732
6.048028831311375
6.932869564193497
5.887620750505764
2.6748002131047035
7.673458842421722
3.3862016574964633
6.529624621465821
3.5320657336215833
7.115440898208817
8.287962750225399
7.7387363793927255
6.494421782720508
2.748931663715118
5.5391788624940865
6.17287255636602
4.348769454111024
4.88032927692521
6.438385271686979
3.2493473820935352
6.656037634990728
0.2580558913565658
6.264866546955884
5.466106613368396
5.8824706314025015
7.080908259704986
5.422126345206685
1.0716492089610692
1.1544938850736275
5.772602946015473
7.5645686762906035
3.5240379809714684
1.590654590858057
5.032577891324683
3.6814384268307707
5.81518029342471
3.561879094101393
4.6870601802347425
6.321134404638536
5.4938316801702936
6.064325180449791
3.50903944991644
3.2848521412249934
4.919419417924189
2.7683762899472706
7.635630262637562
4.9598379521723475
4.407391562204836
4.863865444081954
4.522897256409893
5.381034557090678
6.468311351960828
5.7853292814098385
6.031925128818876
1.0907598199136068
5.164552589981829
5.448869807651695
4.476187510514347
6.429646095271976
6.488851703853928
7.0973099842854435
6.19951617877877
2.603922623807301
6.042868850518026
2.9976937172674605
3.639538450846138
7.350131605246369
4.6976281589734885
6.804095560793886
5.121341001281177
6.928987510266127
7.882496972359293
7.5981233120134375
5.383998171869116
1.1316960441609332
7.302356889809712
1.3560500651490197
6.092026852651733
6.265076907449977
4.739912954116752
6.318197616406479
3.7991318839925095
7.141907694131069
6.634515308295853
5.83393822792811
6.702203029818773
3.988535657662819
5.115041476970646
7.4167240592826875
2.431419483703298
4.79673845625539
6.741017630129544
4.281187185191472
3.3493086109251418
9.106728062750605
3.418483706092471
8.327900084190793
6.1840246547890665
3.1467921845213485
5.831013133604514
4.704007068876258
5.685510703603587
7.415829925066534
5.141881353174277
5.981243775063094
5.410671499936242
6.268923329029891
4.297789650013432
4.389512116757229
6.884861096649688
5.86560670720632
7.018758313295302
8.499355758889124
4.458072915960617
4.749785290644325
2.869812403178763
4.584349926734477
3.7393570286523894
4.876903496744248
6.4625760511877335
5.249031580374121
2.6860816112388424
4.76965881537965
3.2432650837806847
3.4126565886675313
4.403370865429036
4.021770563784355
4.387677576974405
5.213789098630141
5.7393833696091825
8.816483384530995
6.705869616440801
7.227796443232874
2.139001243132779
5.493865857256145
6.032195991131571
6.4242942685415345
6.382281144669732
6.924466989899836
1.0641109550016385
6.811951564806517
1.1854715583054747
1.3754896672483037
7.7566146888581295
6.371815758394318
6.327929062591078
7.527343370729002
4.595337713490945
6.491584606519326
3.336040444838689
6.858091941091164
5.022225018558842
4.639917605257296
4.4573276122621515
5.569822610377873
4.4573276122621515
4.0263642374469795
6.353299631714609
5.8317892776467195
8.296831360158752
4.704007068876258
4.103040061087635
6.724170033352148
6.438170350098147
5.470710680753443
6.069753708603036
10.509320352530313
2.886530688671924
6.511769593168682
4.864553951760314
4.5331931630794955
6.868574188487084
5.4045809030758125
5.962181197082602
7.499683903208266
1.8019673305644661
6.840836207935796
8.808825674103758
4.330325785125982
7.615893679709544
4.659229546820355
5.368900062145581
4.713298473880043
4.631822491904645
3.857481337928118
6.864546286827369
4.066696618226729
2.3196511133375872
4.486577703300627
3.559933274450604
1.6390418911484972
8.28857595769621
3.4689305323722524
6.738451316241058
6.778030566840802
6.676512804993709
5.231479620546441
5.785544054854002
2.6602712637217585
6.884861096649688
3.089173735116957
7.469513033851343
5.237385974214967
6.169572286409288
6.072422484589671
1.590654590858057
6.3863313205084005
2.869812403178763
5.373334588126632
6.030088341404384
3.713286241288809
7.9588581608431594
5.75043231680468
3.924079187962671
6.16215126386907
2.115622288045196
4.6870601802347425
4.822601935729636
2.111599960808051
5.776279392388111
3.873397834206889
4.438358930730187
2.962846001166384
5.972129837005912
3.5738012882737418
4.860301402467728
5.71122865830556
4.702893020414546
6.738451316241058
5.492043068845394
5.458877791954993
3.052381030932294
4.845289911685015
4.363469534824242
0.8485112683221412
5.757813697018236
5.384229767978891
6.728923755623119
5.105015470861602
6.262512296544724
4.1134930305281525
6.531171418548672
1.338523361503937
5.33550600834247
0.8671698664733899
5.493865857256145
5.740732566977877
4.7214172444951945
4.285547030767846
2.790622012950023
7.718786109073969
7.5177481248368565
4.2486524259629626
5.769850766399371
6.39212302550373
5.167165417271287
2.8093697309756465
3.8786679722757906
2.3013437442648264
5.43891485619455
5.255684963645566
5.393061258923282
2.2985395411918637
2.8362754252662388
3.7363815665583235
5.498426338916657
4.099197928546587
4.734092002189694
3.150342202470909
3.6205108802308046
6.68029608812639
2.2830832161231447
1.6957701789347084
5.793799457316542
7.586548979310955
5.292524623550737
4.606736725373466
5.778860740315445
2.5324419089851267
4.2037397036945094
5.588587617775243
3.701617252712583
6.498854715118372
6.2451790730524674
6.371815758394318
4.037259417299238
5.640564631417652
6.728923755623119
6.529413186303485
4.508615664482708
4.13702814009224
5.174151960288243
5.530886355397003
0.5161117827131316
6.066166492440324
1.1265751544606752
5.658628014516221
5.411419299703562
4.211907760178118
