0.00001600974623014171
0.000013842488006847417
0.000011209152746285535
0.000022767863270521762
0.00008923044878488006
0.0003403294526127941
0.00001645251941554592
0.00004357820298451965
0.000013353107117716448
0.000013679361043803762
0.00006539060832864285
0.000013562841784486864
0.000014005614969891073
0.000019901489491326085
0.00008510566700506189
0.0001482824094066837
0.0001521508488160047
0.00018333140260920645
0.000020251047269276776
0.00006382925025379642
0.000014075526525481213
0.00002926963794040464
0.000027801495273011734
0.0000192023739354247
0.000029176422532951122
0.000050662573950987015
0.0005337281192269805
0.000018503258379523315
0.00028819873599441416
0.000046351361356261805
0.00005585933291652064
0.00001831682756461628
0.000020414174232320433
0.00002470208297518226
0.00001146549511678271
0.0000822625970777296
0.000030481438237300373
0.000021602670677352787
0.005705971432600332
0.0002841671696220495
0.0001026068597544599
0.000012001483709640438
0.00002143954371430913
0.00002232509008511755
0.000022628040159341487
0.00003351093897953971
0.0003690164942566142
0.000021392936010582374
0.00003616757809196497
0.000033161381201589015
0.000013376410969579828
0.00003418675068357771
0.000013120068599082654
0.00032254861364103553
0.00003199618860842004
0.000025331286975493508
0.00007872041159449592
0.00007026111336808916
0.00016958213000981256
0.000015893226970824814
0.00003926699038979444
0.000023490282678286527
0.000012933637784175617
0.000011745141339143263
0.00004700386920843643
0.000011302368153739053
0.000012001483709640438
0.000030015361200032784
0.0001260039270252929
0.000042016844909673223
0.00020593613891668457
0.000010929506523924981
0.000015333934526103706
0.00041487847472374505
0.00007750861129760019
0.00011973519087404382
0.012856595249915285
0.00017060749949180125
0.00001004396015311656
0.00001782744667548531
0.000024072878974871013
0.000023513586530149905
0.000011325672005602433
0.000020600605047227468
0.00038195013204078986
0.000015007680600016392
0.00001552036534101074
0.000020600605047227468
0.00008766909071003365
0.000019482020157785256
0.00002197553230716686
0.00002558762934599068
0.000045256080318682974
0.00002472538682704564
0.00005007997765440252
0.00001917907008356132
0.00001656903867486282
0.00009857529338209524
0.000012933637784175617
0.00009477676552836439
0.0014839659828081427
0.0000404554868348268
0.00001785075052734869
0.0001625676705989353
0.00292486644737276
0.00005001006609881239
0.0003805519009289871
0.000014914465192562875
0.000021136593640085198
0.00009002277974823497
0.00009892485116004593
0.0016960543386167594
0.013471770331404776
0.00002521476771617661
0.00002733541823574414
0.00010836291116471463
0.00006890948996001315
0.000037682328463084635
0.00002381653660437384
0.00004858853113514624
0.00008335787811530843
0.00001792066208293883
0.000012234522228274232
0.00010936497679483995
0.0011499518740503243
0.000014331868895978387
0.000012374345339454509
0.0008195964700350567
0.00006273396921621759
0.0008404534174527813
0.00004730681928266037
0.000012584080006224925
0.000017641015860578275
0.00003390710446121716
0.000014844553636972735
0.00003765902461122126
0.0002123680020309773
0.00005348234002645593
0.00001186166059846016
0.00003574810875842414
0.000021369632158718992
0.00003782215157426491
0.0000703310249236793
0.00022059426173875026
0.0008618230496115003
0.00007879032315008606
0.000027615064458104696
0.00001607965778573185
0.000044533660910918206
0.00023000901789155557
0.000030271703570529957
0.000021392936010582374
0.0004382755419945781
0.00032492560653110024
0.000020903555121451404
0.00009440390389855031
0.00013117738213896314
0.000010929506523924981
0.000010253694819886976
0.0002696488699111641
0.00003584132416587766
0.00014977385592593998
0.000020367566528593674
0.000021183201343811958
0.00036514805484729325
0.00019824586780176932
0.000014471692007158664
0.000010393517931067253
0.00003763572075935788
0.00007165934447989193
0.000164758232674093
0.000015147503711196669
0.000019528627861512012
0.0001981526523943158
0.000044254014688557655
0.000022558128603751346
0.000021159897491948576
0.0001494242981479893
0.000010976114227651741
0.000013469626377033345
0.0000146581228220657
0.000016802077193496613
0.000028151053050962425
0.0005680080853180117
0.0000155669730447375
0.0000788602347056762
0.00010174461723551485
0.000010952810375788361
0.00007746200359387342
0.00005196758965533626
0.00013059478584237865
0.00010144166716129093
0.000010416821782930633
0.0009683682603308714
0.000024352525197231567
0.00010139505945756416
0.00012048091413367197
0.000014891161340699495
0.00018412373357256135
0.0003604173729190272
0.0005108204328452784
0.000017571104304988137
0.000017571104304988137
0.000021369632158718992
0.06135200419301546
0.000021416239862445752
0.00008699327900599563
0.00007296436018424119
0.000019295589342878217
0.00002237169778884431
0.00019444733994803846
0.00016000424689396357
0.000044184103132967514
0.00043547907977097255
0.00001957523556523877
0.000013632753340077002
0.0005258747211490215
0.000046164930541354773
0.00021504794499526593
0.000026333352605618823
0.00007275462551747078
0.000010812987264608084
0.0003586695840292737
0.001710898892253732
0.00002337376341896963
0.0002643821993900403
0.0004430062239228441
0.00007883693085381282
0.000010626556449701048
0.000013702664895667141
0.00002372332119692032
0.0025830222443888463
0.0002582532863499715
0.00007410624892554679
0.000010183783264296837
0.000010276998671750356
0.000020787035862134506
0.000045069649503775936
0.00001598644237827833
0.000038497963278302916
0.000029362853347858157
0.000010789683412744704
0.00001787405437921207
0.000041830414094766185
0.00008468619767152107
0.000017943965934802207
0.00003120385764506514
0.000013213284006536171
0.000045442511133590005
0.000051757854988565846
0.00004257613735439433
0.000019015943120517663
0.00018911075787132457
0.000055113609656892494
0.000012956941636038997
0.00032119699023295953
0.000011092633486968638
0.00003502568935065938
0.000023443674974559767
0.000034792650832025576
0.000044720091725825244
0.000054018328619313656
0.000015543669192874122
0.000013586145636350242
0.000013912399562437556
0.000023606801937603424
0.00006252423454944718
0.000013050157043492514
0.000025657540901580818
0.00003057465364475389
0.0000640855926242936
0.000040222448316193
0.000012164610672684094
0.021983898389985813
0.00003546846253606358
0.000030318311274256716
0.000060077330103792324
0.00005187437424788274
0.0000464678806155787
0.0003286775266811043
0.00027931996843446656
0.00013245909399144904
0.0001986187294315834
0.000016638950230452956
0.0002447603561210748
0.000010393517931067253
0.001419391009294718
0.000020204439565550017
0.000010673164153427807
0.000012607383858088305
0.000017617712008714894
0.0009252794382354827
0.000023047509492882316
0.013821631059429693
0.0004265770083591616
0.000024655475271455502
0.000028640433940093392
0.0005133372488465235
0.0000707971019609469
0.00001642921556368254
0.000015939834674551573
0.000016708861786043094
0.00002558762934599068
0.000010276998671750356
0.00005569620595347698
0.000011698533635416504
0.000028197660754689185
0.0001179407942805636
0.00003062126134848065
0.000014681426673929079
0.000028570522384503255
0.00005378529010067986
0.0005396939053040056
0.00007620359559325094
0.000011046025783241879
0.000021672582232942928
0.000036237489647555106
0.00016228802437657478
0.00011607648613149325
0.00001605635393386847
0.000018899423861200766
0.000014774642081382598
0.000057513906398820586
0.000268600196577312
0.000022558128603751346
0.000014774642081382598
0.000014494995859022044
0.00008568826330164639
0.00008778560996935054
0.00021886977670086018
0.000019854881787599325
0.000013842488006847417
0.00003472273927643544
0.000013656057191940382
0.00003493247394320586
0.014903582293742676
0.000021789101492259825
0.00002015783186182326
0.000029619195718355333
0.000029805626533262368
0.00003493247394320586
0.000010346910227340494
0.000021998836159030238
0.0007062465345715788
0.00011766114805820305
0.000025005033049406194
0.000012723903117405202
0.00011561040909422566
0.000016312696304365643
0.000013050157043492514
0.000025820667864624474
0.000032275834830780594
0.000016312696304365643
0.000023443674974559767
0.000014494995859022044
0.00002342037112269639
0.000018246916009026143
0.00003807849394476209
0.0000273820259394709
0.00008797204078425758
0.00015678831533681722
0.00008659711352431819
0.000015357238377967084
0.000036773478240412836
0.0000656702545510034
0.00001046342948665739
0.000020880251269588022
0.000014588211266475561
0.00004842540417210258
0.0000164758232674093
0.000013073460895355894
0.000010789683412744704
0.000012490864598771406
0.000017664319712441653
0.0004836015338688512
0.0000193188931947416
0.00002563423704971744
0.00001882951230561063
0.00002414279053046115
0.000015357238377967084
0.00007182247144293558
0.00017221546527037442
0.000022744559418658384
0.000024888513790089297
0.00005210741276651654
0.03007415681828409
0.000011675229783553124
0.000024492348308411846
0.000012560776154361546
0.0002670155346506022
0.000020367566528593674
0.000017174938823310686
0.000014471692007158664
0.000039103863426750786
0.016142531578059248
0.0009531741489159479
0.0003420306337988208
0.000037216251425817046
0.00025582968575618004
0.000015893226970824814
0.000011605318227962986
0.00003418675068357771
0.000018852816157474007
0.000029549284162765195
0.00007030772107181592
0.000034443093054074885
0.00001051003719038415
0.00040122241753180466
0.00001141888741305595
0.0010470187603697772
0.000015054288303743152
0.000010603252597837668
0.0006158042854898031
0.000026682910383569518
0.000011022721931378499
0.00035400881365659783
0.003928446827869198
0.000014961072896289632
0.000012584080006224925
0.000017151634971447305
0.00006462158121715133
0.000018410042972069796
0.000010859594968334842
0.00032842118431060716
0.000013959007266164315
0.00004900800046868707
0.00009321540745351797
0.000017571104304988137
0.000010673164153427807
0.000012444256895044648
0.000037589113055631116
0.000012956941636038997
0.00010682485694173158
0.000018596473786976834
0.000044696787873961866
0.0003994047170864611
0.0004792670174222626
0.00020094911461792135
0.000018200308305299383
0.00005385520165627
0.00024263970560150727
0.00006075314180783033
0.000016196177045048746
0.000022954294085428797
0.000025424502382947023
0.00002183570919598658
0.000028920080162453946
0.0003045347361506432
0.0006893279381187653
0.00016315026689551983
0.000019062550824244423
0.00001186166059846016
0.0010215476502831034
0.000023000901789155557
0.000013120068599082654
0.00036249141573486797
0.000019994704898779604
0.00005956464536279798
0.000048774961950053275
0.0004816906180160541
0.00005944812610348108
0.0000877156984137604
0.000017244850378900824
0.00004653779217116884
0.00007713574966778611
0.00003332450816463267
0.000014774642081382598
0.000030458134385436995
0.000017687623564305035
0.00006485461973578512
0.0006859488795985753
0.00023021875255832598
0.0001890641501675978
0.00004530268802240973
0.0003024606933348024
0.0001959853941710215
0.00003206610016401018
0.000033790585201900264
0.000010253694819886976
0.000015753403859644535
0.000028989991718044087
0.0009113903425249085
0.000012187914524547474
0.00001463481897020232
0.00004623484209694491
0.000013376410969579828
0.00006483131588392174
0.00013961337651350654
0.0002132768522536491
0.000019994704898779604
0.00002241830549257107
0.00001004396015311656
0.00008480271693083797
0.0006805190821144079
0.00003682008594413959
0.00002649647956866248
0.000015683492304054397
0.00006497113899510202
0.00009041894522991242
0.000024958425345679434
0.00003199618860842004
0.00004730681928266037
0.00006161538432677537
0.00010642869146005414
0.000015264022970513568
0.000018946031564927526
0.000011348975857465812
0.000015380542229830465
0.000010440125634794011
0.0000787437154463593
0.000013912399562437556
0.000043251949058432337
0.00006702187795907941
0.0006223992755671395
0.000020320958824866914
0.00001053334104224753
0.000014728034377655838
0.00002290768638170204
0.000020297654973003536
0.00016461840956291272
0.00003229913868264397
0.00002843069927332298
0.000015007680600016392
0.0001723552883815547
0.00005180446269229261
0.00014704730525792457
0.000018246916009026143
0.00007245167544324684
0.00002472538682704564
0.000018083789045982486
0.00001682538104535999
0.00004134103320563522
0.00006741804344075686
0.0009005773552603004
0.00002288438252983866
0.00024963086116052113
0.000016848684897223373
0.0036817988597471893
0.000012164610672684094
0.000010789683412744704
0.0012749071277417651
0.0004904295624648214
0.000019085854676107804
0.0006884889994516836
0.000026286744901892067
0.000013050157043492514
0.00008853133322897868
0.00004015253676060286
0.000018433346823933177
0.00018813199609306263
0.00002013452800995988
0.00034466396905938264
0.000023653409641330184
0.00004043218298296342
0.002530378843029472
0.00019833908320922284
0.000015683492304054397
0.00009542927338053902
0.00005264340135937427
0.000024445740604685086
0.00004847201187582934
0.000010579948745974288
0.000016592342526726197
0.00008683015204295198
0.000030015361200032784
0.0003248789988273735
0.0003252052527534608
0.00027843442206365815
0.000027708279865558215
0.000022581432455614727
0.000026799429642886415
0.000015380542229830465
0.0002672718770210994
0.0025526107177071358
0.00031469521556307665
0.00005357555543390945
0.00005390180935999676
0.000026589694976116
0.00001878290460188387
0.000042832479724891504
0.00021416239862445753
0.00003078438831152431
0.000015683492304054397
0.000011954876005913678
0.00041739529072499007
0.00004087495616836763
0.000011791749042870023
0.000013353107117716448
0.00010258355590259651
0.000020460781936047193
0.00047763574779182604
0.000030341615126120098
0.0000890906256736998
0.0000772755727789664
0.00005674487928732906
0.00027298132072762734
0.00002833748386586946
0.00047556170497598524
0.000019738362528282428
0.000025750756309034337
0.00007240506773952007
0.00001279381467299534
0.0003558964256575316
0.000011372279709329192
0.00005119856254384474
0.0007086934390172337
0.0010285388058421173
0.0006048048674102879
0.00023968011641485807
0.000021556062973626027
0.000010160479412433457
0.0007961294912086336
0.000020041312602506364
0.00023923734322945384
0.00002610031408698503
0.000015333934526103706
0.00011404905101937922
0.00009396113071314611
0.00005007997765440252
0.0007346772338449019
0.00003267200031245805
0.000012467560746908028
0.00001286372622858548
0.000011279064301875673
0.00006839680521901881
0.000024748690678909018
0.000018410042972069796
0.000011605318227962986
0.000012723903117405202
0.00011856999828087484
0.00039602565856627106
0.0004990519876542718
0.00018265559090516846
0.000013143372450946033
0.000057374083287640304
0.00005390180935999676
0.000017710927416168413
0.00001188496445032354
0.00001605635393386847
0.000028174356902825803
0.0025142525775400134
0.000014891161340699495
0.0000770425342603326
0.000024002967419280875
0.00008822838315475475
0.000014075526525481213
0.00019283937416946528
0.000011745141339143263
0.000025517717790400542
0.000038847521056253614
0.0000930522804904743
0.000040572006094143694
0.0004437053394787455
0.000018549866083250075
0.00007242837159138346
0.00006758117040380053
0.00004451035705905483
0.00004029235987178314
0.00010966792686906389
0.00012232191843087895
0.000017943965934802207
0.00007186907914666235
0.000010603252597837668
0.000010253694819886976
0.00007473545292585803
0.000027405329791334283
0.00002244160934443445
0.000016405911711819162
0.000023117421048472454
0.0014527155174593506
0.00001878290460188387
0.00008724962137649281
0.000021998836159030238
0.000019435412454058496
0.000227026124853043
0.0001191992022811861
0.00007459562981467775
0.000038754305648800095
0.000017641015860578275
0.0000256808447534442
0.00007841746152027198
0.0002134865869204195
0.000010999418079515119
0.000011348975857465812
0.00037137018329481557
0.000012071395265230575
0.000026263441050028685
0.000010859594968334842
0.010199839618230707
0.000025354590827356886
0.00010889889975757236
0.0005180679307747895
0.000017943965934802207
0.000010137175560570079
0.000028989991718044087
0.00002649647956866248
0.000011582014376099607
0.000016545734822999437
0.000016848684897223373
0.00004248292194694081
0.00006424871958733725
0.000048635138838873
0.00003842805172271278
0.00001414543808107135
0.0002676913463546402
0.0006102812725981822
0.000017128331119583927
0.000013586145636350242
0.000035491766387926966
0.000010346910227340494
0.00001323658785839955
0.000013026853191629134
0.0000173846734900811
0.00004197023720594646
0.00007627350714884108
0.00007767173826064384
0.00002794131838419201
0.00009107145308208705
0.00028708015110497196
0.00002092685897331478
0.0003405624911314279
0.00021747154558905742
0.000016359304008092402
0.00008009533885443531
0.00003339441972022281
0.000012653991561815063
0.000031343680756245416
0.00004420740698483089
0.00001787405437921207
0.00007291775248051443
0.00006208146136404296
0.0014743414919885667
0.000022138659270210517
0.0003149748617854372
0.000021672582232942928
0.000015636884600327638
0.00435019993889264
0.00003996610594569582
0.000016312696304365643
0.00054358564856519
0.000010020656301253182
0.000016895292600950132
0.000013120068599082654
0.000010137175560570079
0.00004632805750439843
0.000021392936010582374
0.000037775543870538154
0.0000193188931947416
0.00003782215157426491
0.000028756953199410293
0.00009323871130538134
0.00008811186389543785
0.000040851652316504245
0.006065922728482091
0.00005660505617614878
0.000030085272755622922
0.00003926699038979444
0.000037239555277680424
0.000020460781936047193
0.000037868759277991673
0.00034774007750534874
0.000036330705055008625
0.0003993581093827343
0.00001561358074846426
0.000018433346823933177
0.000029898841940715887
0.0001473968630358753
0.0007807722528306664
0.000012723903117405202
0.000010020656301253182
0.00001701181186026703
0.00007221863692461305
0.00001873629689815711
0.00001782744667548531
0.0000302250958668032
0.000011675229783553124
0.00002279116712238514
0.0005567057171642726
0.000028896776310590568
0.000050313016173036324
0.00006469149277274147
0.00001463481897020232
0.00006275727306808097
0.000010137175560570079
0.000022348393936980933
0.000020740428158407747
0.00002463217141959212
0.00001927228549101484
0.00002008792030623312
0.000022208570825800654
0.000018200308305299383
0.000015030984451879772
0.000012048091413367197
0.000013935703414300936
0.00003393040831308054
0.00003183306164537638
0.00006548382373609637
0.00007070388655349337
0.000029852234236989127
0.001102039154619216
0.00001048673333852077
0.00004388115305874358
0.000013492930228896725
0.00004376463379942668
0.00001591653082268819
0.00005597585217583754
0.00001323658785839955
0.0000128404223767221
0.000033697369794446745
0.0000438578492068802
0.000025377894679220264
0.00004378793765129006
0.00001603305008200509
0.000010160479412433457
0.00017613051238342219
0.0021884414246381044
0.000012700599265541823
0.000014564907414612181
0.00001743128119380786
0.00006790742432988784
0.000014588211266475561
0.000025750756309034337
0.000041107994687001424
0.00039176105367527263
0.0000146581228220657
0.000014285261192251627
0.000045256080318682974
0.000016615646378589578
0.000013189980154672791
0.0002437116827872227
0.000013073460895355894
0.00005429797484167421
0.00006324665395721193
0.000011954876005913678
0.000021602670677352787
0.00004691065380098291
0.00002982893038512575
0.00020288333432258185
0.00011836026361410443
0.000021299720603128855
0.000033441027423949566
0.0004856522728328286
0.000022954294085428797
0.00042534190421040244
0.0024431525255048424
0.000010579948745974288
0.0000192023739354247
0.000012187914524547474
0.0017932080970351884
0.000015893226970824814
0.000026426568013072342
0.00009773635471501359
0.000029619195718355333
0.000014518299710885423
0.00003961654816774513
0.00022152641581328544
0.00009594195812153336
0.0017309635087081018
0.00004858853113514624
0.000022138659270210517
0.000029665803422082092
0.000023630105789466802
0.000909083261190434
0.00001051003719038415
0.000015030984451879772
0.000011022721931378499
0.000010416821782930633
0.0001988284640983538
0.00012656321947001402
0.000014052222673617833
0.00013707325666039816
0.0000321593155714637
0.000028174356902825803
0.000048238973357195545
0.000037239555277680424
0.000013656057191940382
0.000020763732010271125
0.00027174621657886824
0.000013096764747219274
0.00008547852863487597
0.000028034533791645528
0.000021952228455303482
0.000019109158527971183
0.00001733806578635434
0.00002239500164070769
0.00002328054801151611
0.00001507759215560653
0.00002018113571368664
0.00001966845097269229
0.000012490864598771406
0.00008314814344853803
0.000028523914680776495
0.00010519358731129502
0.00001566018845219102
0.000014588211266475561
0.000059704468473978255
0.00004702717306029981
0.000045069649503775936
0.00001962184326896553
0.0000478428078755181
0.000010416821782930633
0.000057816856473044514
0.00001414543808107135
0.00002693925275406669
0.006213459414629147
0.000011046025783241879
0.00002463217141959212
0.00003474604312829882
0.000011582014376099607
0.0000202277434174134
0.00004026905601991976
0.000012747206969268582
0.000019248981639151458
0.000022814470974248522
0.06873561992126048
0.000020041312602506364
0.00001598644237827833
0.0011141105498844468
0.00006063662254851343
0.009463857368681454
0.00003796197468544519
0.000013423018673306587
0.000018433346823933177
0.000020041312602506364
0.000025750756309034337
0.00014049892288431494
0.000010859594968334842
0.000026706214235432896
0.00035512739854604003
0.00005208410891465316
0.00001286372622858548
0.00003162332697860597
0.000049147823579867345
0.00003064456520034403
0.00002328054801151611
0.0000247719945307724
0.000014052222673617833
0.00004903130432055045
0.000014425084303431904
0.000029712411125808852
0.000016149569341321986
0.0005189301732937345
0.00023494943448659203
0.00027013825080029504
0.000011954876005913678
0.000013889095710574176
0.000023070813344745694
0.000043345164465885856
0.000014378476599705146
0.000013842488006847417
0.00003518881631370303
0.00023753616204342715
0.00003393040831308054
0.0010436163979977238
0.00002108998593635844
0.000045908588170857594
0.000911972938821493
0.000014844553636972735
0.00007075049425722014
0.000026216833346301926
0.0007284551053973795
0.00002458556371586536
0.0000755743915929397
0.00017028124556571394
0.0001730544039374561
0.00006970182092336805
0.000014401780451568525
0.000052037501210926404
0.000014028918821754453
0.0002585096287204687
0.00005830623736217549
0.000015823315415234672
0.00002610031408698503
0.00005117525869198136
0.00014693078599860768
0.000020390870380457055
0.00013341455191784757
0.000011931572154050298
0.000017291458082627583
0.00001004396015311656
0.00023427362278255403
0.00016023728541259737
0.000015683492304054397
0.00014341190436723737
0.00001917907008356132
0.00003246226564568763
0.00016734496023092813
0.00010307293679172749
0.000030341615126120098
0.000011162545042558776
0.0003013188045934968
0.00003754250535190436
0.00009139770700817436
0.0000557894213609305
0.00013238918243585888
0.00001004396015311656
0.00012274138776441977
0.00015322282600172015
0.00003076108445966093
0.00012768180435945622
0.00004187702179849294
0.00007082040581281027
0.000503363200248997
0.000010649860301564427
0.0001065685145712344
0.000011605318227962986
0.00005709443706527975
0.0007590996705977236
0.00002286107867797528
0.00001372596874753052
0.000033534242831403085
0.00004448705320719145
0.00005385520165627
0.000011815052894733401
0.00009813252019669104
0.00003458291616525517
0.00010840951886844139
0.000010812987264608084
0.0004489487061480059
0.000013026853191629134
0.000763853656377853
0.000028220964606552563
0.00012381336495013523
0.00001743128119380786
0.000018153700601572623
0.000028547218532639877
0.000038125101648488846
0.000018037181342255726
0.00001004396015311656
0.000021346328306855614
0.000010766379560881325
0.00013322812110294055
0.00003057465364475389
0.00003765902461122126
0.000024166094382324532
0.00003437318149848475
0.00012665643487746753
0.00010764049175694986
0.000027312114383880763
0.00012316085709796062
0.0010061205003495462
0.00003684338979600298
0.000015403846081693843
0.00008142365841064794
0.000048308884912785686
0.00001969175482455567
0.0000685133244783357
0.00001827021986088952
0.000014401780451568525
0.0000621513729196331
0.00007065727884976661
0.000058329541214038866
0.000010626556449701048
0.000014425084303431904
0.00005774694491745438
0.000011582014376099607
0.00002458556371586536
0.000028896776310590568
0.000018876120009337388
0.000024865209938225915
0.0001821196023123107
0.0021881151707120175
0.000011931572154050298
0.025509817784618857
0.000014005614969891073
0.000027148987420837107
0.000012234522228274232
0.00010258355590259651
0.00047220595030765864
0.00001325989171026293
0.00006762777810752728
0.0003937185772317965
0.00005343573232272917
0.013344857554156812
0.00008370743589325913
0.00015713787311476791
0.0001195254562072734
0.000012281129932000992
0.0000137492725993939
0.00023108099507727103
0.00021947567684930806
0.000012514168450634786
0.00002008792030623312
0.00002472538682704564
0.000010743075709017945
0.00007387321040691299
0.000023070813344745694
0.000018386739120206418
0.000010929506523924981
0.006678138220784934
0.0007485896334073394
0.00003327790046090591
0.000097946089381784
0.0002829553693251538
0.000056372017657514985
0.000018200308305299383
0.00001188496445032354
0.00005208410891465316
0.00015182459488991739
0.000026146921790711788
0.000014541603562748802
0.00002598379482766813
0.00007981569263207475
0.00002146284756617251
0.000010603252597837668
0.000012374345339454509
0.000015147503711196669
0.00009314549589792783
0.00007147291366498489
0.00006916583233051033
0.000010300302523613734
0.00010006673990135153
0.00002290768638170204
0.00001186166059846016
0.000016802077193496613
0.0002641491608714065
0.013255650409223795
0.0010064700581274967
0.00006161538432677537
0.0000494274698022279
0.000028314180014006082
0.00040455486834826797
0.00009421747308364329
0.000017291458082627583
0.0006404364569093952
0.000010579948745974288
0.00004632805750439843
0.000029968753496306025
0.00001277051082113196
0.000015147503711196669
0.00007291775248051443
0.000010370214079203873
0.000010743075709017945
0.000012514168450634786
0.000022255178529527414
0.000031087338385748244
0.0000355616779435171
0.000021952228455303482
0.00002097346667704154
0.00001286372622858548
0.00007604046863020728
0.000010603252597837668
0.000030341615126120098
0.00013506912540014752
0.00003719294757395367
0.00004854192343141948
0.000036400616610598766
0.0002447603561210748
0.00006858323603392585
0.000012677295413678443
0.000028710345495683533
0.000012397649191317889
0.00007678619188983542
0.000939238445501647
0.046519685078271
0.00004495313024445904
0.0011406769410086993
0.000014891161340699495
0.000040851652316504245
0.00001186166059846016
0.00001677877334163323
0.0003411683912798757
0.000014052222673617833
0.000014541603562748802
0.000017501192749397996
0.000021392936010582374
0.000012071395265230575
0.000011628622079826366
0.00005350564387831931
0.0000219289246034401
0.00007739209203828329
0.000010276998671750356
0.000013143372450946033
0.000016988508008403648
0.00002372332119692032
0.000019248981639151458
0.0017215487525552966
0.000012467560746908028
0.00003663365512923256
0.000011279064301875673
0.00002157936682548941
0.000011092633486968638
0.000034979081646932615
0.00016858006437968723
0.000080444896632386
0.00001006726400497994
0.000025261375419903367
0.0002053069349163733
0.000012001483709640438
0.00014357503133028104
0.00004213336416899012
0.000021416239862445752
0.000039103863426750786
0.00047104075771448967
0.00003183306164537638
0.0001580700271893031
0.00008473280537524783
0.000027358722087607523
0.0005321667611521341
0.000010300302523613734
0.000019109158527971183
0.000014401780451568525
0.000013329803265853068
0.000029945449644442646
0.00002108998593635844
0.0008678354433922522
0.00025571316649686314
0.000022045443862756998
0.00023341138026360898
0.00011724167872466222
0.000012723903117405202
0.00035142208609976273
0.000010649860301564427
0.0015671141262566806
0.00003581802031401428
0.000029992057348169406
0.00003486256238761572
0.00003798527853730857
0.000018386739120206418
0.0004890779390567453
0.0000256808447534442
0.000015310630674240324
0.00006685875099603576
0.00008818177545102799
0.00003472273927643544
0.00002376992890064708
0.00047521214719803455
0.0002178211033670081
0.0015475388906914418
0.00001917907008356132
0.000017035115712130407
0.0001322493593246786
0.0001389608686613319
0.000016848684897223373
0.000011698533635416504
0.00004537259957799987
0.00003486256238761572
0.00014094169606971915
0.000017105027267720545
0.000021253112899402095
0.01024213610936274
0.000013656057191940382
0.000010719771857154565
0.000019458716305921874
0.00011344315087093137
0.00006867645144137936
0.000011815052894733401
0.00004411419157737737
0.00007888353855753957
0.00001144219126491933
0.000055999156027700915
0.00006709178951466956
0.00001281711852485872
0.0004841142186098455
0.000030061968903759544
0.00010025317071625857
0.00007536465692616927
0.0000128404223767221
0.000018549866083250075
0.000015310630674240324
0.000029059903273634225
0.000013423018673306587
0.0001006726400497994
0.0002950267645903844
0.000011582014376099607
0.000010253694819886976
0.000010579948745974288
0.000011185848894422156
0.000969696579887084
0.00005324930150782214
0.000010416821782930633
0.000251774815531952
0.000028756953199410293
0.0003168624737863709
0.006604940822082059
0.000013842488006847417
0.000010416821782930633
0.00005324930150782214
0.000012211218376410852
0.00004252952965066757
0.00004504634565191256
0.0001762237277908757
0.000030504742089163754
0.00006839680521901881
0.00039751710508552737
0.000010929506523924981
0.00001736136963821772
0.00004087495616836763
0.0004599714280793844
0.0001233938956165944
0.000010207087116160217
0.001964374888971711
0.000016242784748775505
0.000029875538088852505
0.00002106668208449506
0.00001048673333852077
0.0005157841532921782
0.00006846671677460894
0.00001141888741305595
0.000021998836159030238
0.00004548911883731677
0.00001423865348852487
0.0002720258628012288
0.00001596313852641495
0.00006175520743795565
0.000013912399562437556
0.00013404375591815883
0.0008370976627844547
0.000013166676302809411
0.000032648696460594664
0.000015939834674551573
0.009307674953493085
0.00004583867661526746
0.00001552036534101074
0.000015380542229830465
0.046563030242736884
0.0000652274813655992
0.00001836343526834304
0.0000128404223767221
0.000036703566684822695
0.000021789101492259825
0.000015007680600016392
0.000012956941636038997
0.000016685557934179716
0.000236114627079761
0.00002521476771617661
0.0004989820760986816
0.000080444896632386
0.000019854881787599325
0.000013189980154672791
0.0005759780026552874
0.00011423548183428626
0.00025151847316145484
0.0005322832804114509
0.000010882898820198222
0.00001004396015311656
0.000018013877490392345
0.00004061861379787045
0.00001605635393386847
0.000013982311118027694
0.000022628040159341487
0.00004066522150159721
0.00015278005281631595
0.000038847521056253614
0.00003388380060935378
0.000040385575279236656
0.000013586145636350242
0.000021695886084806306
0.00003348763512767633
0.000208173308695569
0.000014331868895978387
0.000055533078990433326
0.000014867857488836115
0.00004772628861620119
0.00015655527681818343
0.00005497378654571222
0.0002933022795524943
0.00004304221439166192
0.0028254056076198564
0.00010768709946067662
0.000018200308305299383
0.00001372596874753052
0.005055863877167634
0.000013143372450946033
0.00003523542401742979
0.000013702664895667141
0.000013679361043803762
0.00020842965106606615
0.0000192023739354247
0.00002150945526989927
0.00003351093897953971
0.00006932895929355399
0.00014061544214363184
0.00008494254004201824
0.0001403357959212713
0.000014564907414612181
0.00007506170685194533
0.000018992639268654285
0.00001139558356119257
0.00001645251941554592
0.000010882898820198222
0.00011053016938800892
0.000318400528009354
0.000036796782092276214
0.00003791536698171843
0.00004395106461433372
0.00028989991718044085
0.00005543986358297981
0.00003139028845997217
0.000015054288303743152
0.000012653991561815063
0.00001792066208293883
0.00003509560090624951
0.0002587193633872391
0.00005343573232272917
0.00012257826080137613
0.00007440919899977071
0.000017035115712130407
0.00028547218532639875
0.000025331286975493508
0.000012887030080448857
0.00010421482553303308
0.0005831788928810718
0.0027992586858291446
0.000021299720603128855
0.000020297654973003536
0.00021397596780955047
0.00005450770950844463
0.00002752184905065118
0.000010766379560881325
0.00008860124478456882
0.0005674487928732906
0.000019482020157785256
0.00006858323603392585
0.00004947407750595466
0.000020390870380457055
0.000014728034377655838
0.00006107939573391764
0.000019784970232009188
0.00012768180435945622
0.000013469626377033345
0.0004216598956159885
0.00002654308727238924
0.000012956941636038997
0.000039476725056564856
0.00021572375669930393
0.000030108576607486303
0.0001490747403700386
0.000026659606531706136
0.000012281129932000992
0.00001188496445032354
0.000035678197202834
0.00001687198874908675
0.000025704148605307577
0.00004243631424321405
0.0003753085342597267
0.00001542714993355722
0.0000958953504178066
0.00007711244581592273
0.000010812987264608084
0.00010144166716129093
0.000030085272755622922
0.00005585933291652064
0.00006063662254851343
0.000012094699117093955
0.0004426566661448934
0.000339094348464035
0.000014471692007158664
0.000020787035862134506
0.0003072379829667952
0.000026193529494438548
0.00001055664489411091
0.00008300832033735774
0.00012367354183895495
0.00001796726978666559
0.00001421534963666149
0.00001144219126491933
0.0015491934641737417
0.00005164133572924895
0.00025550343183009276
0.000013865791858710796
0.00005299295913732496
0.000014774642081382598
0.0000164758232674093
0.000012747206969268582
0.000012980245487902377
0.00027731583717421595
0.00002752184905065118
0.000012001483709640438
0.00003211270786773694
0.000044090887725513995
0.000010999418079515119
0.00039434778123210773
0.00007054075959044972
0.0006387585795752318
0.00003982628283451555
0.00006641597781063154
0.00023427362278255403
0.000027405329791334283
0.000017454585045671237
0.003434987764662137
0.000010882898820198222
0.00038127432033675183
0.000026193529494438548
0.0005161570149219923
0.00010785022642372029
0.00002833748386586946
0.000015264022970513568
0.0007255188200625937
0.00001512419985933329
0.0000421566680208535
0.000027708279865558215
0.00007618029174138755
0.00007776495366809736
0.00003675017438854946
0.0001320396246579082
0.000014098830377344592
0.000039500028908428234
0.000019039246972381045
0.000021159897491948576
0.000013073460895355894
0.00002742863364319766
0.00002381653660437384
0.000011721837487279884
0.000013795880303120659
0.0001853355338694571
0.000040222448316193
0.00002794131838419201
0.000029922145792579265
0.0003316604197196169
0.00022383349714776
0.00014534612407189788
0.00010307293679172749
0.000271117012578557
0.0015416430161700068
0.000022138659270210517
0.00005443779795285449
0.00003847465942643954
0.00009729358152960937
0.000012933637784175617
0.00003509560090624951
0.00003129707305251865
0.00037130027173922544
0.000023397067270833008
0.00001186166059846016
0.0001912547122427555
0.000033184685053452394
0.00001598644237827833
0.00001677877334163323
0.00009365818063892217
0.000037495897648177604
0.00005129177795129826
0.0011925746191084453
0.00002067051660281761
0.0000173846734900811
0.000023583498085740046
0.00014958742511103295
0.000015683492304054397
0.00002342037112269639
0.000022185266973937276
0.011149145327737333
0.0008676024048736184
0.00008440655144916051
0.0004106604775364734
0.0023829120684380066
0.00008932366419233359
0.00007550448003734955
0.000026869341198476553
0.000023210636455925973
0.00034272974935472216
0.000019388804750331736
0.000012560776154361546
0.00005327260535968552
0.00007823103070536494
0.00002372332119692032
0.000011558710524236227
0.00001547375763728398
0.00006117261114137117
0.000045092953355639314
0.000024935121493816056
0.00005588263676838402
0.000016405911711819162
0.0021655803459601293
0.00006268736151249083
0.000060613318696650054
0.000025657540901580818
0.00011789418657683685
0.000013120068599082654
0.00010246703664327962
0.00012001483709640438
0.000020856947417724644
0.00002057730119536409
0.000023560194233876665
0.000022744559418658384
0.000012281129932000992
0.0014424618226394636
0.00001740797734194448
0.00011523754746441158
0.000013562841784486864
0.0006212806906776972
0.00014024258051381776
0.0003161400543786062
0.00016366295163651416
0.000048774961950053275
0.00002293099023356542
0.00123687524150073
0.00019677772513437643
0.000013679361043803762
0.0000101138717087067
0.00001743128119380786
0.000021905620751576722
0.00002712568356897373
0.00009181717634171519
0.0010232488314691301
0.0004736507891231881
0.00005665166387987554
0.000017757535119895172
0.00009859859723395862
0.00008708649441344916
0.00021066682084495058
0.000012956941636038997
0.00004194693335408308
0.000056162282990744575
0.00012218209531969867
0.00014185054629239097
0.00002519146386431323
0.000047423338541977265
0.00004367141839197316
0.000014005614969891073
0.000026822733494749793
0.00009829564715973469
0.00004639796905998857
0.000021299720603128855
0.00006849002062647232
0.00004299560668793516
0.000016102961637595226
0.00005122186639570812
0.000014261957340388248
0.00004012923290873948
0.00016028389311632414
0.00002747524134692442
0.000011978179857777058
0.0015189450644550752
0.000014681426673929079
0.0005938753608863629
0.000024026271271144253
0.0000201112241580965
0.000012071395265230575
0.000050942220173347566
0.000011069329635105258
0.00009622160434389391
0.00006119591499323454
0.00015813993874489322
0.00022290134307322482
0.000013096764747219274
0.000027615064458104696
0.00006429532729106401
0.0005844139970298309
0.000011605318227962986
0.000026007098679531513
0.001233333056017496
0.0000155669730447375
0.00006333986936466546
0.000019505324009648634
0.004988375922171287
0.00003297495038668198
0.0011930173922938497
0.000018852816157474007
0.00019549601328189053
0.000011512102820509469
0.00012751867739641258
0.00008156348152182822
0.00001868968919443035
0.00013162015532436737
0.00004793602328297161
0.00004849531572769272
0.000017594408156851515
0.0003232943369006637
0.00003600445112892131
0.002407381112894555
0.0000146581228220657
0.0000355616779435171
0.000011209152746285535
0.0000101138717087067
0.00001004396015311656
0.000028966687866180706
0.0010354367459936775
0.000020763732010271125
0.00018582491475858807
0.000024538956012138605
0.00003467613157270868
0.00002784810297673849
0.000015030984451879772
0.00002104337823263168
0.000020693820454680987
0.00001051003719038415
0.000010440125634794011
0.000021859013047849963
0.000029083207125497603
0.00018218951386790087
0.000015054288303743152
0.00008864785248829558
0.0001638493824514212
0.000022558128603751346
0.000011232456598148915
0.00005117525869198136
0.00006818707055224839
0.00010836291116471463
0.00006995816329386523
0.00002933954949599478
0.000016638950230452956
0.000014331868895978387
0.000013912399562437556
0.000011791749042870023
0.00014003284584704736
0.000021346328306855614
0.000290645640440069
0.0002590689211651898
0.00010041629767930222
0.000013679361043803762
0.00014944760199985267
0.000053668770841362964
0.000030318311274256716
0.00016934909149117876
0.0005508797541984278
0.00003917377498234092
0.00008119061989201414
0.00003311477349786226
0.00003383719290562702
0.000046048411282037876
0.00023720990811733984
0.000018619777638840212
0.000011582014376099607
0.00007049415188672296
0.000679237370261922
0.00004809915024601527
0.00024809280693753805
0.0001785075052734869
0.000097946089381784
0.000027102379717110347
0.00003707642831463677
0.00002097346667704154
0.00059916533525935
0.000013842488006847417
0.0005000307494325338
0.000012094699117093955
0.000030900907570841206
0.00001279381467299534
0.00010482072568148095
0.00005993750699261205
0.00006266405766062745
0.0002754282251732822
0.000010323606375477114
0.00004872835424632651
0.00002288438252983866
0.0001342068828812025
0.00004819236565346879
0.00004031566372364652
0.000013073460895355894
0.0000182935237127529
0.000049590596765271555
0.0005303490607067905
0.0010318945605104438
0.00006375933869820629
0.00006594990077336395
0.000021765797640396444
0.0000906752876004096
0.00004844870802396596
0.000012281129932000992
0.00002651978342052586
0.000037589113055631116
0.00009757322775196992
0.000021556062973626027
0.000011931572154050298
0.00008958000656283076
0.00006669562403299211
0.00001325989171026293
0.000014518299710885423
0.000023094117196609076
0.000013586145636350242
0.000012444256895044648
0.000021253112899402095
0.000017897358231075447
0.000012187914524547474
0.000062943703882988
0.00008046820048424938
0.000019854881787599325
0.00009109475693395043
0.000022558128603751346
0.000027964622236055387
0.00003991949824196907
0.00003094751527456796
0.000043811241503153444
0.00005849266817708252
0.000027754887569284974
0.0037580257591923035
0.0006144293582298636
0.00012334728791286764
0.000219289246034401
0.00002712568356897373
0.000013353107117716448
0.000010882898820198222
0.0000219289246034401
0.000026426568013072342
0.00010165140182806134
0.00005101213172893771
0.00002663630267984276
0.000015450453785420603
0.00001286372622858548
0.0004348498757706613
0.00003339441972022281
0.00007037763262740606
0.000012584080006224925
0.00002067051660281761
0.00022681639018627258
0.00007585403781530024
0.00009748001234451641
0.000013656057191940382
0.000018992639268654285
0.0007945215254300603
0.000017151634971447305
0.00002097346667704154
0.000012560776154361546
0.00011276733916689335
0.00001053334104224753
0.00014014936510636425
0.000029898841940715887
0.0002132768522536491
0.00007336052566591863
0.000029432764903448298
0.000011255760450012293
0.000013026853191629134
0.00042436314243214055
0.000021206505195675336
0.000012630687709951683
0.00017720248956913765
0.000048635138838873
0.0015614046825501526
0.000014704730525792458
0.00015273344511258918
0.00019335205891045964
0.000046444576763715324
0.000023886448159963978
0.000010719771857154565
0.00002521476771617661
0.000010323606375477114
0.0005339145500418875
0.000046164930541354773
0.000013423018673306587
0.00002018113571368664
0.000016172873193185367
0.00004180711024290281
0.00003176315008978625
0.000012514168450634786
0.00007820772685350157
0.00003232244253450735
0.0003790837582615942
0.00003064456520034403
0.000015497061489147362
0.00010309624064359086
0.00002423600593791467
0.00001656903867486282
0.000026729518087296274
0.00001782744667548531
0.00012721572732218864
0.00006613633158827099
0.000016545734822999437
0.0019175574505781814
0.000040199144464329624
0.000034443093054074885
0.00005912187217739377
0.000045605638096633666
0.000014611515118338941
0.000031460200015562313
0.000035421854832336825
0.00002437582904909495
0.00007256819470256374
0.0000913510993044476
0.0003306350502376282
0.00007974578107648462
0.00001743128119380786
0.00009291245737929403
0.00001694190030467689
0.000013026853191629134
0.0001065685145712344
0.0000455590303929069
0.000018666385342566972
0.000727872509100795
0.000011815052894733401
0.000013795880303120659
0.000010416821782930633
0.0028571454538577792
0.00001414543808107135
0.00002290768638170204
0.00006156877662304862
0.00001412213422920797
0.00002092685897331478
0.00012598062317342954
0.0200979875702381
0.000011954876005913678
0.003187221211650686
0.000022161963122073895
0.000015240719118650186
0.003327790046090591
0.00033858166372304063
0.000012723903117405202
0.00006825698210783853
0.000012187914524547474
0.0004473407403694327
0.000016662254082316334
0.000017268154230764202
0.0001355585062892785
0.000016242784748775505
0.000014098830377344592
0.000017687623564305035
0.000021416239862445752
0.00029013295569907464
0.00001880620845374725
0.000015543669192874122
0.000017617712008714894
0.000011675229783553124
0.0009804163517442386
0.000010370214079203873
0.00006147556121559509
0.00003989619439010569
0.000021719189936669684
0.00007184577529479897
0.00009051216063736595
0.00001279381467299534
0.00001875960075002049
0.0000264731757167991
0.00010659181842309779
0.000015450453785420603
0.000013492930228896725
0.00006142895351186833
0.000011582014376099607
0.0002661532921316572
0.00013679361043803762
0.00007177586373920883
0.000011372279709329192
0.000018969335416790904
0.000013539537932623485
0.000022767863270521762
0.00001638260785995578
0.00005399502476745028
0.00001323658785839955
0.000017128331119583927
0.000019435412454058496
0.00011863990983646498
0.000010230390968023596
0.00005264340135937427
0.00034265983779913203
0.00002372332119692032
0.0000852221862643788
0.000010137175560570079
0.000047796200171791334
0.00005035962387676308
0.000441957550588992
0.00008869446019202234
0.000058446060473355763
0.00007096022892399055
0.000047423338541977265
0.009198240065142655
0.000029852234236989127
0.00006846671677460894
0.00015830306570793689
0.00002561093319785406
0.000014984376748153012
0.000014308565044115007
0.0006484063742466709
0.000010160479412433457
0.00005259679365564751
0.000011255760450012293
0.0008878068444391684
0.000015310630674240324
0.000028896776310590568
0.00001591653082268819
0.00001561358074846426
0.00011097294257341314
0.00035512739854604003
0.000014984376748153012
0.000017151634971447305
0.00011083311946223286
0.0000193188931947416
0.0001559959843734623
0.000017571104304988137
0.00001423865348852487
0.000012374345339454509
0.000011046025783241879
0.0004884254312045708
0.0000875991791544435
0.000037239555277680424
0.000041923629502219704
0.000012397649191317889
0.000021905620751576722
0.000013492930228896725
0.00002421270208605129
0.00001561358074846426
0.0000137492725993939
0.000060217153214972606
0.000033347812016496054
0.00021323024454992235
0.021852464665476353
0.00002202214001089362
0.000060147241659382465
0.00029162440221833095
0.0003316371158677535
0.000011022721931378499
0.00002747524134692442
0.000030038665051896162
0.000738988446439627
0.00015758064630017212
0.000046980565356573054
0.00043240297132500645
0.00009685080834420517
0.0001724718076408716
0.001713975000699698
0.000029176422532951122
0.00007457232596281437
0.000011768445191006643
0.000055929244472110774
0.0003349928705360802
0.000012887030080448857
0.000013306499413989688
0.000027754887569284974
0.00004812245409787865
0.00001463481897020232
0.000026216833346301926
0.000021649278381079546
0.00006201154980845282
0.000014471692007158664
0.000012467560746908028
0.000024655475271455502
0.0003330120431276929
0.000021812405344123203
0.00008696997515413226
0.000026962556605930072
0.00001875960075002049
0.00008636407500568439
0.000480455513867295
0.000297030895850635
0.000014588211266475561
0.000023676713493193562
0.000016545734822999437
0.000019482020157785256
0.00033023888475595075
0.000012910333932312237
0.000024655475271455502
0.0003504200204696374
0.000024981729197542813
0.000024538956012138605
0.000012514168450634786
0.000013096764747219274
0.000016219480896912127
0.0005231714743328695
0.000013423018673306587
0.000016615646378589578
0.00001328319556212631
0.000049054608172413826
0.00007191568685038911
0.00001880620845374725
0.00014154759621816702
0.000032998254238545355
0.013887790694869827
0.012537588821757482
0.00019116149683530195
0.00001055664489411091
0.00001055664489411091
0.000036400616610598766
0.000011279064301875673
0.00012211218376410854
0.00030611939807735297
0.0006381526794267839
0.00024809280693753805
0.00015900218126383827
0.0000582829335103121
0.00003502568935065938
0.00002698586045779345
0.00001412213422920797
0.00004495313024445904
0.00002379323275251046
0.00017035115712130407
0.000010579948745974288
0.00009193369560103209
0.00001733806578635434
0.000015147503711196669
0.000013329803265853068
0.000017081723415857167
0.00006387585795752319
0.00011171866583304128
0.00001733806578635434
0.000029059903273634225
0.000048635138838873
0.000015450453785420603
0.000010137175560570079
0.00002458556371586536
0.000023933055863690738
0.00005171124728483909
0.000043345164465885856
0.000024049575123007635
0.00011584344761285945
0.00002279116712238514
0.00021866004203408975
0.00014947090585171606
0.000028220964606552563
0.000010323606375477114
0.000026869341198476553
0.00002978232268139899
0.00006746465114448363
0.00038544570982029677
0.00028004238784223135
0.000028011229939782147
0.00001656903867486282
0.00014460040081226973
0.000014005614969891073
0.00004178380639103943
0.00001652243097113606
0.0000192023739354247
0.00008671363278363508
0.00003709973216650015
0.000020903555121451404
0.0000694221747010075
0.00012274138776441977
0.000027242202828290626
0.00016189185889489731
0.001842915213059777
0.000034000319868670674
0.000026659606531706136
0.00005429797484167421
0.0005931529414785982
0.000012537472302498166
0.000018386739120206418
0.000012584080006224925
0.000010603252597837668
0.000033347812016496054
0.00001004396015311656
0.000015543669192874122
0.00005152481646993205
0.000011232456598148915
0.0000219289246034401
0.0001239764919131789
0.00018433346823933176
0.00009985700523458112
0.00001188496445032354
0.000019248981639151458
0.00001778083897175855
0.00003430326994289461
0.00001682538104535999
0.000030108576607486303
0.00004621153824508153
0.0001382850569572939
0.00015075261770420193
0.000038148405500352224
0.04326455644229042
0.00007480536448144817
0.00001279381467299534
0.000040548702242280316
0.000015240719118650186
0.000023024205641018938
0.000023397067270833008
0.00004217997187271688
0.000017617712008714894
0.000012187914524547474
0.000013050157043492514
0.00002053069349163733
0.000024562259864001983
0.00014073196140294874
0.00013653726806754044
0.00009852868567836848
0.0009385393299457456
0.000015939834674551573
0.00009449711930600384
0.000014681426673929079
0.0000247719945307724
0.000036866693647866355
0.0000778348652236875
0.00007417616048113691
0.00001731476193449096
0.000023630105789466802
0.00007627350714884108
0.0004526773224461466
0.000016126265489458608
0.0001218092336898846
0.00005164133572924895
0.000016126265489458608
0.00002143954371430913
0.000013003549339765756
0.00003987289053824231
0.00021330015610551248
0.00016368625548837754
0.0001830517563868459
0.00001642921556368254
0.00012127324509702686
0.0000430655182435253
0.00016324348230297334
0.00004884487350564341
0.00017303110008559273
0.000010976114227651741
0.000045442511133590005
0.0005390180935999677
0.000012234522228274232
0.000012700599265541823
0.0000778348652236875
0.00001677877334163323
0.00001642921556368254
0.0001341835790293391
0.000017524496601261378
0.00007597055707461714
0.00010577618360787951
0.000025354590827356886
0.0009447148506895412
0.0001041915216811697
0.0000485186195795561
0.000017058419563993786
0.00008818177545102799
0.0001860113455734951
0.00002383984045623722
0.000012980245487902377
0.000010346910227340494
0.000014611515118338941
0.00020211430721109032
0.000039033951871160645
0.0001272856388777788
0.00002337376341896963
0.000016895292600950132
0.0000796525656690311
0.00003702982061091001
0.000014471692007158664
0.0000574906025469572
0.000013073460895355894
0.000011558710524236227
0.00020866268958469995
0.0003084031755599642
0.000012607383858088305
0.000015333934526103706
0.0003767067653715295
0.000017710927416168413
0.00014569568184984858
0.00030569992874381215
0.0001014649710131543
0.00001421534963666149
0.0015397787080209365
0.00004353159528079289
0.00003626079349941849
0.000012257826080137612
0.000025820667864624474
0.00003530533557301993
0.001780157939991696
0.0003282114496438367
0.0005226354857400118
0.0001352089485113278
0.000010626556449701048
0.00003348763512767633
0.000017664319712441653
0.000015403846081693843
0.00021768128025582783
0.00004800593483856175
0.000016312696304365643
0.000013399714821443208
0.00017221546527037442
0.000020693820454680987
0.00010962131916533713
0.000018107092897845864
0.000048681746542599756
0.00020195118024804668
0.00004819236565346879
0.000044976434096322417
0.000030434830533573613
0.00040784071146100445
0.000012234522228274232
0.00003381388905376364
0.0003091722026714557
0.000022767863270521762
0.002769942440185013
0.00008629416345009425
0.00002006461645436974
0.000011279064301875673
0.00001055664489411091
0.0001488417018514048
0.000013632753340077002
0.0000173846734900811
0.0003335946394242774
0.000026379960309345582
0.00025282348886580407
0.000010183783264296837
0.00010752397249763297
0.001054312866003015
0.000014821249785109355
0.00012085377576348603
0.000538738447377607
0.00003311477349786226
0.0000931687997497912
0.00005912187217739377
0.0005603877257586866
0.000029712411125808852
0.000025843971716487856
0.00001773423126803179
0.00004313542979911544
0.000024399132900958327
0.000019784970232009188
0.0000448832186888689
0.000012490864598771406
0.00020085589921046783
0.00013194640925045468
0.000019971401046916223
0.00004702717306029981
0.00012388327650572536
0.0035139878224789934
0.000060520103289196535
0.000027055772013383588
0.000010696468005291187
0.000021253112899402095
0.000057793552621181136
0.00001596313852641495
0.00001682538104535999
0.000014494995859022044
0.000010626556449701048
0.000010323606375477114
0.000014821249785109355
0.00001561358074846426
0.0000346528277208453
0.00006730152418143996
0.000032718608016184805
0.00008347439737462533
0.000034606220017118545
0.000023000901789155557
0.0000256808447534442
0.00001778083897175855
0.00001004396015311656
0.00009631481975134744
0.00001421534963666149
0.000011069329635105258
0.000033231292757179156
0.00003735607453699732
0.0000494274698022279
0.000015217415266786807
0.000018410042972069796
0.000017943965934802207
0.000017128331119583927
0.000024096182826734394
0.000019248981639151458
0.00012020126791131142
0.0000337439774981735
0.000012281129932000992
0.000025331286975493508
0.00006070653410410357
0.00008279858567058733
0.000011092633486968638
0.0010052349539787376
0.00003970976357519865
0.0002087326011402901
0.0005432826984909661
0.0001932821473548695
0.000023513586530149905
0.005917011115075096
0.000029059903273634225
0.000013423018673306587
0.00006049679943733316
0.000010719771857154565
0.000018200308305299383
0.000010230390968023596
0.00012490864598771408
0.00002833748386586946
0.00008631746730195763
0.00001691859645281351
0.000015170807563060049
0.000010882898820198222
0.00027274828220899354
0.00006268736151249083
0.00004050209453855355
0.000010929506523924981
0.00005394841706372352
0.0001028398982730937
0.000018177004453436
0.000133624286584618
0.000015753403859644535
0.000034000319868670674
0.00009948414360476705
0.000011978179857777058
0.000025797364012761096
0.000028104445347235666
0.0000636428194388894
0.00007750861129760019
0.000018153700601572623
0.00018859807313033021
0.00003393040831308054
0.00001412213422920797
0.000025867275568351234
0.00005429797484167421
0.00001139558356119257
0.000013446322525169965
0.00003991949824196907
0.00001286372622858548
0.00005206080506278978
0.00005604576373142767
0.00001009056785684332
0.000024911817641952675
0.000014588211266475561
0.000023140724900335835
0.00001701181186026703
0.000052853136026144684
0.000014425084303431904
0.00003523542401742979
0.000219965057738439
0.000011558710524236227
0.00001186166059846016
0.00005441449410099111
0.000032345746386370735
0.00006145225736373172
0.000195892178763568
0.000027731583717421593
0.00002286107867797528
0.00008140035455878457
0.0023215064187780015
0.000014867857488836115
0.00009752662004824317
0.000010020656301253182
0.0023307347441158996
0.00029001643643975774
0.0010434532710346801
0.0003926932077498078
0.000022767863270521762
0.00001188496445032354
0.00001591653082268819
0.000013120068599082654
0.000019528627861512012
0.000011815052894733401
0.00001048673333852077
0.00010176792108737823
0.00003255548105314115
0.00032031144386215107
0.00005241036284074047
0.00003472273927643544
0.002801262817089395
0.000025750756309034337
0.000021672582232942928
0.00002651978342052586
0.000018946031564927526
0.00007757852285319033
0.0003405158834277011
0.0002362311463390779
0.00002286107867797528
0.000020344262676730296
0.00004031566372364652
0.00006883957840442301
0.000013959007266164315
0.00002982893038512575
0.00032392354090097494
0.000013609449488213622
0.00006790742432988784
0.0001749886236421166
0.000010230390968023596
0.000027218898976427244
0.000019248981639151458
0.00011211483131471873
0.000013050157043492514
0.00002789471068046525
0.000010626556449701048
0.00008480271693083797
0.0001561125036327792
0.0009830729908566638
0.000010976114227651741
0.000046444576763715324
0.000014285261192251627
0.0001899730003902696
0.00002467877912331888
0.00039071238034142056
0.00005434458254540097
0.000012024787561503817
0.00006844341292274557
0.00006946878240473426
0.000038497963278302916
0.00006872305914510612
0.000029362853347858157
0.0006444447194298964
0.00029658812266523076
0.000017547800453124756
0.00006189503054913592
0.000011721837487279884
0.00017503523134584334
0.000010789683412744704
0.000024422436752821705
0.0003430326994289461
0.000022721255566795003
0.000041294425501908455
0.000025494413938537164
0.010955280584085878
0.00007524813766685237
0.000012094699117093955
0.000010812987264608084
0.00006436523884665415
0.00004485991483700552
0.00004197023720594646
0.00007273132166560739
0.0008992257318522244
0.00002784810297673849
0.00005047614313607998
0.000018573169935113453
0.000018410042972069796
0.0021217924083088394
0.000020880251269588022
0.00012241513383833247
0.000030528045941027136
0.000015823315415234672
0.000011512102820509469
0.00013311160184362365
0.00021796092647818836
0.000014867857488836115
0.000013912399562437556
