4.599631234690155
6.137445595882571
4.575060512364217
1.549129509239398
4.029293425701595
5.0067077985946575
5.779801352312518
3.4897171463231613
6.298124208447071
5.450449729568948
4.711329048455363
2.2697595988689248
5.995988116357654
6.62972183806899
6.1174552676853295
5.314316393412305
3.540422481060319
5.727182967283991
5.428925187334562
6.583144459964265
1.5943594488552548
6.212296799558109
7.073628473615306
3.620338463413551
3.008658935693848
3.830083083913693
3.863590226886814
5.667154246927013
5.7166211832430855
5.403176584206824
4.631012570401062
6.106482993467855
4.215014614325076
8.347414740780433
5.603062306298802
5.0117174956093775
5.572768927577768
7.493795500374198
4.688633892791897
4.916044655534115
6.546042943211125
7.27420681989137
3.7891876913528906
5.924399742007702
8.077882990125023
3.704864587076404
5.353948546234634
4.806590887227185
5.330919857782064
7.234438958885577
8.15501174375619
4.997173714129048
6.66204447354615
5.7219439179491705
7.202850231552889
6.537987219156076
7.04301852628195
4.354191118057706
5.759488686773562
7.262295648499033
5.135905507613539
3.9184174393226883
4.03193604420838
10.456388973700586
4.237062652590572
8.22335748639036
6.241744384307905
2.5363493027726047
4.563565184252144
4.644197526188572
3.842414261531387
7.223230112562709
6.548531188703059
6.094055182505379
2.9382322820355653
5.068946741897974
3.5731969305309264
4.747641361809657
7.712850967056212
5.011073516280314
5.385537750926376
7.58606977331551
4.055042028829333
0.9921836634475037
3.3915009565567953
7.427285401496293
7.3772483685908
5.236209303143658
4.365991766536666
7.20121532706289
6.61756361784499
5.526632270296881
5.055404939861091
6.9138064526931595
6.670456798665167
6.038024669368912
2.8614205558369585
3.6406942985347523
6.630468044778871
4.979484311588571
6.125510991740379
5.734300282456659
2.232818497731732
6.541114345513584
5.406651667525689
8.203633539910864
5.91149074122496
7.032240015427207
7.684186632873618
6.183499165634248
6.994728460033421
6.426328621811584
3.804051438059874
2.285368736785083
4.367296457082996
4.707652607923361
6.231248836391796
4.505437581478299
5.076664396800122
3.596354854042941
3.0086676312826413
5.8547096978146875
2.4893582499093667
4.825122617161831
5.2298912918445595
6.136903890012082
1.4635586673407317
3.16409752579483
5.130313285363261
5.588820840848154
6.295635962955137
4.69839908798776
4.644197526188572
5.6112827566334005
4.3499989913773165
6.0516273062553685
4.150698610380458
6.150947775371009
7.550975268935533
5.8925886590749705
3.8332965404123986
5.800996393262498
5.291709231545594
5.816717933062158
3.8332965404123986
5.634656695440336
6.38509839326454
4.612263493680719
5.10680454841373
5.7652296983868965
6.3306168961415885
7.08216789632619
5.01478133714363
5.234466087067594
5.5843202709854936
6.183499165634247
5.710791545507128
6.38722382591641
8.645618755747766
5.374557156362179
5.330919857782064
5.385537750926376
5.7080004520983
6.5457400952942315
5.451398910496832
5.847264776489299
5.30503718317393
4.388134316449355
4.269567072218127
3.7128871250543707
6.541114345513584
6.352095538510463
5.84142637711621
5.929552184358413
7.5681851025385924
3.167654674897296
4.382542094199077
5.691885941728932
6.446788001361149
5.186898445552762
6.412925433158467
6.772478420959114
4.553003400211239
4.143534739519486
5.5025888235718465
4.315465217313562
2.2862832641090858
7.391424726857463
4.381507080411815
6.48418180643492
4.491566755459429
5.2323795373364925
6.0615334063184445
4.884737093935684
5.014478489226736
2.1496568897712143
6.60366426560196
7.334338404163907
3.659959307351795
5.034191218771647
2.8043543997003493
3.635541856184042
6.319838385286845
5.229833993929725
3.18173784193348
7.396238765467741
5.356436791726567
5.405133932993001
3.7681644964215377
6.061528460975275
5.101168876363114
4.905837707013713
6.212296799558109
1.0622985662417814
6.24694341285553
5.344900034480559
4.259536375752842
3.790593874728255
4.653100150030311
6.038024669368912
3.4523349914445824
7.392751280046239
5.739892504706937
3.845205354940214
7.01491584308613
6.276522764293771
5.139193486303381
6.722803318892256
5.581513848901715
3.7251513119743374
7.618423018788075
3.4264864459076776
4.856803544720698
6.481828550213519
4.992180397084619
4.783395074527458
5.547671787759974
7.477487296997415
7.415611192062313
4.022798968104596
6.432621752922199
6.811118223086773
4.264937881622978
5.353645698317741
1.0979172527739087
6.670100197601201
4.601914763271944
6.960465086732723
5.7550661107983645
3.3585323712738107
5.871930861967577
4.944792399005153
5.828712715373222
2.2697595988689248
3.431262042523368
2.9851501987443165
5.141576375442693
4.022798968104596
4.895185224597948
4.185594745181491
4.674684022640377
4.380605590145073
6.653100190472333
7.080991491741604
5.631737487853269
4.340803362219765
4.252285048244131
6.422956199780296
1.054276028263815
1.4509703706209172
6.548774429624349
4.370963110864832
4.702469340407045
2.4070829989146745
5.871839737136211
5.515567880405966
5.3263924751788725
6.530017661027102
6.114349260816072
3.1377976954364715
6.005473091054352
1.8392783965094905
6.176696378498747
4.324422210326021
4.434576920208466
5.479980878933274
5.2298912918445595
7.18104711696936
6.142661341122515
6.196263571946954
7.107916499453929
4.864859268775748
4.365810668514121
4.210480618930315
4.340669255900082
1.9150465421309912
7.4184022854711404
5.261480496536302
5.344900034480559
5.7463558730448145
8.4948553625081
6.83618330399408
7.410206833871945
6.222012175074692
7.08417244316229
8.463804802434414
6.829860566153463
6.369282567529995
7.1423043784422955
6.275960688443671
8.280586732678955
4.533305487438742
5.165676898846954
4.941134732568772
4.790270412404052
6.970917827672406
5.0904167675423
2.60649858831112
5.1306363499945835
6.789588028371913
3.8252740024344325
3.0193651621828055
5.414773828741644
4.168273464369931
7.9787348786795755
7.3636115582497785
5.479980878933275
3.0521804487165722
6.754934772464406
4.924001837804999
6.985789279993353
8.275533155046732
5.345892822179584
6.426560484044085
7.559144765603185
4.969978763630065
3.008438573102623
1.8688243043422892
6.690708807728745
4.045272691266866
7.618423018788075
6.672588443093135
5.765200123718804
5.885063675696324
2.634832746174702
7.107916499453928
6.669797349684307
4.7034198075683635
6.537987219156076
6.300695929957825
5.3799455286760995
6.496598760967975
6.035536423876979
4.92559273294134
6.695371176632291
5.466870739139532
7.847744641264194
7.485233442346315
4.425051779327538
6.388064674544477
5.020202402581619
5.210054147573214
5.6567412546144045
6.721013046305016
6.176696378498747
5.398496797388572
7.592674415660337
6.192382509073637
4.254383933402131
7.5542571666562095
9.181260010206996
6.309429046235859
6.259278521129712
4.063946681609102
4.219385271710085
4.971428587533522
6.015861149365514
2.7706032955626534
5.132126910967405
4.667763422082654
4.876180990352316
4.356242263840718
3.008438573102623
6.888057849565422
4.639822278512906
3.302147257291508
4.122072278801589
2.974606229197333
0.9921836634475037
5.946143997132467
6.631434526212794
7.92230416246046
4.298510756702056
7.618423018788075
4.195323920611259
6.780683375592144
6.1613356456308495
1.6968002295424192
3.1089001279609727
7.057908629102853
5.549225766605516
7.770080213344809
7.2232301125627085
7.284706683669064
8.98871873378377
6.371467965105035
6.767550561863398
5.64605008713675
8.096576292649656
5.937239344352698
7.492894444823709
4.1423590036995215
3.420400958936729
6.2823268298930595
7.442307265698937
3.1300448192983152
4.143534739519486
1.279553719020536
6.350342870138213
7.01491584308613
5.729794767250829
4.745381754951878
6.177202295178131
6.420704930155556
5.98609224163383
5.996870752488572
7.062008923158891
6.134815544205935
8.192440762304308
4.348489387702562
3.9700674565454612
5.72675969097819
5.281076678602926
5.846001172339245
5.7166211832430855
2.982661953252383
3.0574118932857117
3.9882635800339874
6.377067631575441
3.872635080682828
4.889348581897492
5.734300282456659
7.396238765467741
7.253390995719264
4.480249177161396
6.52636766869966
6.47165334104673
3.618220575372482
5.448912075501369
4.890856251217214
6.349304445101636
5.672696763124178
3.0088033781419004
7.214524668401104
4.165058109374318
4.747641361809657
5.800669500867132
0.8545316614462241
4.593859039216894
4.314503531861406
3.5423716635957025
4.373563544652278
8.378160574525458
5.1462347352802595
5.476394354047399
1.2741407012459935
7.730533843681505
3.6824330305140647
4.0901826229918505
6.251976153257193
6.115261365887996
5.588820840848154
5.091420465060243
7.254338466228149
4.482432304104904
5.641142869328728
8.640565178115542
4.539843940478849
6.753880334025559
0.7741458592954641
4.965237661688132
5.041619644456878
7.92230416246046
5.20081748625611
1.2822644358476574
3.535506023702744
6.604294514583016
6.483885099224988
5.980279929445601
6.322859449961223
1.333667856331331
3.0883997979038007
4.797044299838485
5.041619644456878
4.979181463671678
6.208680225318202
5.844419810063652
2.248798854756645
5.725561966895832
4.528268158697086
3.1300448192983152
5.345892822179584
6.83618330399408
5.258024885350749
1.5184018600627083
4.043024795714741
5.252956580259008
6.308323812334525
7.241026204037183
5.356436791726567
7.919815916968526
4.241159775203442
6.151507974181843
2.6768603811108544
7.377061762544739
5.653021488612713
5.557395263273168
6.2823268298930595
1.2467680003233919
5.659391936954489
4.185594745181491
6.015861149365514
6.067125628568721
7.650295738051172
3.0338473400107504
5.494966571720207
7.448702643371552
1.2822644358476574
2.8432976136979518
6.3673528282135585
7.974011800906933
4.819001611418474
5.695170486286448
4.019477485129411
5.081616144096827
3.508970965795265
6.125208143823485
3.3872681562017974
7.423699104024653
6.330314048224695
6.4153926182142795
4.679836464991087
4.300219787994314
5.058107407147296
8.038954970258821
7.599774307230335
4.334769735552891
5.1405548761122795
5.608214748649512
1.8392783965094905
6.472396338636267
4.933648456996389
3.9650674609659333
2.7189423888698867
4.497889493300046
4.335200721180764
6.238875684840044
6.603361417685067
5.088645991347748
5.583715304948715
1.6738336515134322
1.9470956126905996
6.510113939698932
1.3760071248475758
4.107631126514061
4.798197609449506
4.745376809608708
6.780424641283091
5.591771029003764
6.548531188703059
5.079127898604893
9.001100645325245
7.67604434117891
0.2429965761745734
4.149651153948277
5.791529528745255
5.7002475759601445
0.8276882186015586
4.783395074527458
6.333512216651426
3.9136823425631584
4.005025744536177
6.000139071580108
6.368676871696207
2.7239685975495895
4.645738167935555
7.075640338140127
4.915198733492523
3.0577147412026053
5.500883667169143
2.3060866165929594
2.7239685975495895
5.068946741897974
5.425701083101
4.031936044208379
5.769783521137125
5.682143417903233
4.306750655723249
2.084779857177253
5.640970934015774
5.521981525815205
6.5741765367173155
2.6765335439804745
5.873015581807953
3.521302066092719
6.125510991740379
5.885063675696324
3.1314339444220423
6.066350176374996
6.253719676755513
5.245113955923427
4.314806379778299
4.586514890552981
5.489900843852869
8.550590610252144
8.378160574525458
6.654849652360328
6.099762388612641
7.428681989682127
2.026635920044109
4.340589603247839
3.9650674609659333
4.790270412404052
4.783395074527458
3.2927369561351285
5.087208366347105
1.6570159406926905
4.108672995392015
6.669797349684307
8.154197615040491
2.634832746174702
6.1613356456308495
5.641142869328728
5.583715304948715
5.109424578571697
5.7143625770052395
6.66378380001642
1.9470956126905996
7.181491380583396
1.6324463460371506
3.0577147412026053
7.58606977331551
6.846817274660509
4.992180397084619
4.269921889279494
4.998584681880631
5.16135700630678
7.85726599688015
5.916053964709939
5.701790280223964
5.674294838848894
7.0269277034859305
6.102250634104575
6.035536423876979
6.152448112710475
6.131351593304384
5.109424578571696
7.441662643106945
5.158565912897953
7.731544269580846
7.742480273178151
3.9755575801790277
8.09683502695871
4.971428587533522
3.2061372744507532
2.334033617092943
3.9576357290285684
1.9072158950047169
4.959645439437853
3.490972055043064
7.20121532706289
6.459087205574189
6.027480699821929
5.530843860282336
5.2323795373364925
5.507680233463194
3.4295838170460398
5.701790280223964
5.1051248810463585
5.666695775843985
5.634656695440336
2.2207365195966235
5.479678031016381
5.960543414016739
4.506630415376661
6.672588443093134
6.119554877499365
6.300985495121322
3.138100543353365
6.985789279993353
5.405133932993001
3.0644539387785072
5.4462464681461205
7.599774307230335
5.204259438992574
6.690708807728745
7.3216247424209175
7.032772834609652
6.548531188703059
5.21046070001592
4.0935810433545905
4.719081924593519
4.268168619618928
7.697342092478799
4.563403101077364
5.315598967214834
5.59905015854932
3.6950635833927445
4.667763422082654
7.971001303726894
6.693578407377229
7.699731662921545
5.082526326803456
5.034191218771647
4.4847566795713
6.172955196087265
6.595608541546911
6.172955196087264
3.41309396699029
5.831110677001574
4.413643115884263
3.4255046911815787
3.564950506123211
6.3331051416335225
6.78195445668141
3.6339088262534274
7.402996971718538
7.997685747648523
5.767779772541353
7.67604434117891
6.62718272941868
3.060202986694539
3.466236813528911
2.6868843904618798
6.014933185353108
9.857567550171922
3.9136823425631584
6.403299933359014
2.274623089198843
5.9422929219849205
6.7418019587356595
6.6262352444238735
3.901251279037564
6.378414059610189
7.129506474894924
6.73162278195346
5.820656991318172
6.059796802923021
5.642956415762132
5.557768867994661
5.156244687269702
5.2792129767396485
6.747938054017341
1.2201976514060384
4.6016119153550505
4.805868797689728
4.54943289673945
6.6296612480434245
7.128321923475886
5.831200960865155
4.195055801955535
5.006725613088579
3.8407010481749744
5.480287612642487
7.234438958885578
7.846169312393668
4.426726060866539
3.7932729272051304
7.0269431968736935
7.5492561061552665
5.898391140127044
5.030669698346939
6.577632147902868
5.201468345583748
5.6951704862864485
6.573238798490275
6.208680225318202
5.640441067985542
5.484425115736498
1.6294170509980277
6.436354740793005
7.734384918829052
7.626319561449087
5.871930861967577
7.05902936359967
7.1957064038104965
4.981972557080505
6.0871614127205795
4.226989834463388
5.54285966594306
7.047073391946213
4.191531837965206
8.17679713943171
4.590679190336554
1.8317327366776892
5.052828068246535
6.281705533080883
6.3622061008333315
7.047495844263102
6.302271367421509
7.33201280073208
7.1328695844287235
7.90014064245706
6.01957145893493
7.4584969001204735
7.258444573351486
6.548531188703059
6.982847427210551
7.382501827741562
7.107916499453929
8.109977501288533
5.648546235721156
5.828409867456329
7.467099426737574
1.036287328545005
3.7232346502812406
7.433606919051895
5.062262408243623
9.470349266407057
4.305372230345024
6.200355926119805
5.47967803101638
7.258836649453725
5.261480496536302
3.0493893553077456
5.211437398615024
2.3078712856819537
6.274271105838009
7.919513069051632
2.090503985059816
4.956845949901318
1.6968002295424192
6.400580018683846
7.652610204106339
5.472288569836724
7.832860179331591
6.371770813021929
4.618298908658074
5.221835567789509
5.350945159490904
7.744945478219723
5.6699537209953945
6.09482679031964
3.8687140918897454
5.090388178988093
6.909997443729941
7.20121532706289
7.652610204106338
0.38064857817585307
7.649256793000088
2.9288422382138
5.931775661216071
2.1416343517932477
5.3879528278415885
3.2264525789057688
4.612263493680719
6.780424641283091
4.608248090641136
4.120506051066916
5.965019001041879
7.215700372876867
7.5860697733155105
5.139193486303381
5.926795314922144
5.527579740805766
6.9381961240374075
9.057565122343139
4.455880901114071
4.415586523331525
4.301301850110883
4.430204221678249
7.39640121784133
6.142244007187415
4.318195532737812
7.832860179331591
1.5013484877005765
2.8558725021389044
1.1782382080521814
5.149632099497742
7.379913455150912
5.047563437600313
6.630468044778871
4.151418503375419
2.308549872008836
7.858325463321548
5.22379857895237
6.650424923089735
3.744758020136073
4.184732015802577
7.441359795190051
7.650295738051172
5.052525220329642
6.269918121948944
6.319354046819318
7.599470981954388
5.441315207544868
4.575363360281111
3.770116371342967
8.09683502695871
6.207007902583779
5.9163218597754454
6.107364315567457
6.24362276956016
6.577632147902868
3.4820459580829395
7.389015577860587
5.615754638374375
7.392751280046239
5.252956580259008
6.550617738434161
6.063793013176223
7.971001303726894
6.336354053948185
3.6717380719661894
3.5989455336586644
6.24694341285553
3.159422328933513
6.302271367421509
4.902732393343149
2.7033258337628445
6.8967167900061375
6.295635962955137
2.6987784278112956
6.086721810635346
5.731738174698091
3.3727270603145154
6.027480699821929
4.241617216628095
6.142345248753908
1.5591482275411395
5.099189960894732
4.6016119153550505
5.54518354226804
4.702469340407045
5.591771029003764
6.0765996286796735
5.777211984118605
3.6950635833927445
6.70559026777703
5.398496797388572
5.361424342633432
3.539883418103769
6.157100196432122
6.400580018683846
4.761186239219928
5.9597000531039495
6.422956199780296
3.830083083913693
3.530494335650097
6.085504281459443
6.1320995570816095
2.361128936796788
4.453949346803038
2.9309252900891263
3.274527538969988
6.218884044709715
4.359033357249546
5.6567412546144045
1.8025338188688242
5.052828068246535
5.65476617630584
7.90014064245706
5.3263924751788725
6.565314686582161
7.172142464189591
4.003036041828446
6.043321487922426
6.143803711969967
3.0644539387785072
5.791764848087363
4.981972557080505
6.827927601785497
4.356242263840718
7.04301852628195
6.212296799558109
5.969251801396878
2.1684130526058847
3.6022278002131323
4.189826210008174
5.666695775843985
4.790028112781853
6.9044818956731655
6.5076256942069985
4.984833843754757
6.712843549637363
7.073628473615306
6.127999237232313
1.5444672431429454
6.400792679776897
6.067125628568721
6.83791262188074
5.353645698317741
3.7620938333650003
6.975543588321056
6.232196306900681
6.4116934969811705
5.766016244959625
3.333091196182222
5.8045592740107415
3.168605028204733
4.356545111757612
6.125759371054105
3.8427171094482806
6.2748531194011665
6.483885099224988
6.690708807728745
3.6772805881633546
3.138100543353365
5.191541712824759
5.472288569836724
0.9872457782915594
6.185601031278516
3.0193651621828055
6.035233575960086
5.8414263771162105
7.402996971718538
4.790028112781853
6.739534322503964
4.385638628857397
6.711297473884292
4.896145148191543
4.430204221678249
3.6301531694579756
8.640565178115542
5.925213898707536
6.181010920142315
7.1328695844287235
7.733252534520245
5.22379857895237
8.128315670119568
5.476091506130506
5.451398910496832
7.4102068338719445
5.648546235721156
6.027480699821929
5.979007638402362
5.831200960865155
5.459686390886052
6.298124208447071
3.3727270603145154
4.365991766536666
2.093360264655663
4.956845949901318
3.049692203224639
5.591468181086871
4.6279117457134085
5.996870752488572
1.5754115685293444
5.723882149882545
4.87623085770707
5.879898102131589
5.7002475759601445
6.211450529343155
4.501716755706253
6.119554877499365
6.4204679542883625
5.003692300968636
6.937499213744825
3.905328958866127
5.995988116357653
4.936136702488323
2.1928193144286987
6.330314048224695
2.82738308815292
6.468388627473589
7.5039707095409875
6.09482679031964
5.507680233463194
4.864859268775748
6.496598760967975
6.051864387165521
5.155501689680164
9.0293302245755
4.207277735927107
5.464382493647599
5.790363136353422
5.104316302921797
6.677589503594077
5.415471130586894
1.5651430327740092
5.768020791795724
7.422710606273258
6.3622061008333315
9.551282568636315
3.558491462100072
5.871930861967577
7.684948993958679
7.206795720097098
6.249800108362955
3.7496992500161412
5.361437852227511
5.291709231545594
5.653154729728529
5.76553254630379
4.8220157042019665
6.967287886112473
5.0054812940300355
5.916053964709939
6.152448112710475
3.675989024050158
4.895185224597948
6.9138064526931595
6.846817274660509
6.3331051416335225
6.506773314060652
7.107916499453928
8.466293047926346
5.055316313738469
7.0244549513817605
5.090388178988093
7.041713618262397
5.507680233463194
7.138933718109794
5.675185008616111
6.888247405858865
5.76553254630379
4.615624009849505
6.780683375592144
4.657362741828817
3.484564703972451
7.262295648499034
3.8687140918897454
1.5444672431429454
7.669310263721403
5.520031652627514
10.075424992754566
6.181010920142315
4.976100946260639
7.2466308338236205
7.665693149088614
6.239964292857392
6.3139160345848016
3.998803241473448
4.4077304985159795
6.638402501452976
4.122072278801589
4.163526379649815
6.350342870138213
5.081616144096827
5.585741025487242
3.7049067536763345
7.415611192062313
6.528120020702207
6.180708072225421
7.08417244316229
3.905328958866127
6.878629100684678
4.531113125122733
4.770570159268781
7.4072405525920075
6.135153262785041
3.847597451727464
5.646259123225743
5.708303300015194
2.5265654580817145
5.04507519210838
5.053130916163429
1.59878086356321
1.5591482275411395
1.2674531293863875
4.096323675673851
5.647743435858061
4.480770685696815
4.933345609079495
5.666940025132742
6.548531188703059
6.059796802923021
6.160412626961612
5.879898102131589
4.475573980300079
2.930209744057599
6.752304542939172
1.4186447700009686
6.040200620856396
5.084417272938278
5.656820907266647
2.8013396871906715
4.085411546686937
7.008037593095498
5.8528493402592705
3.0496590171475555
4.347399249821416
7.253390995719265
4.045272691266866
6.722803318892256
5.490379476089064
6.537987219156076
6.01818675279734
3.6824330305140647
6.426328621811584
3.9263960043061457
5.1765416309189645
6.664151104580714
2.863179494085343
1.593447849362672
5.12020308942644
4.307633748696907
3.0399538800661636
4.104346213651817
7.059029363599671
5.152120344989676
1.4307420923913226
7.047495844263102
6.546042943211125
6.745076838701128
4.241159775203442
5.674294838848894
7.234438958885577
1.6126905868472339
1.8025338188688242
6.213177405626197
5.431786402650775
7.913379981336059
5.659391936954489
5.8925886590749705
8.753686428908313
4.464646857637914
7.599470981954388
4.7819601925043465
6.127999237232313
4.3301074718591765
4.381507080411815
5.0659667239019965
4.661244099900445
5.873015581807952
7.618423018788075
1.1144568179551901
6.812164018753002
4.969978763630065
5.891212163730783
5.466850261747025
4.965237661688132
5.191541712824759
8.414893439373708
4.155773503511659
5.229588443927666
6.723932439551431
5.270286879779524
6.038024669368912
6.2111344369745485
3.018618084186325
5.393025141296339
5.664641039069128
5.605551343987606
4.166317473058642
6.78195445668141
7.0728219950739515
7.744945478219723
4.456740440211865
6.142244007187415
0.9872457782915594
6.426560484044085
5.3149548928400145
4.916044655534115
7.467099426737574
6.249800108362955
6.875344187822434
5.672696763124177
5.361424342633432
7.4441508885988785
7.88115024558012
7.80942615258898
6.050851025551935
3.7496356286250156
7.246788555565354
5.6565048148980415
5.66466600143508
8.095770632942774
5.520031652627514
6.0614128095928415
5.54400229350793
5.907078461196143
4.868025049847626
2.463988462109818
2.529053703573648
7.608102876119748
6.135153262785041
3.2344751168837353
6.412925433158466
7.195097355414732
5.820656991318172
5.0719130231779115
3.213608737015182
3.0755235473814686
6.420704930155556
3.478276777414148
3.72582665189421
3.927802682028396
5.91149074122496
6.102250634104575
3.630900247454456
3.8427171094482806
6.55330842501911
1.67916666571397
3.5229060875509175
7.2232301125627085
4.3409680591579205
6.6262352444238735
4.633503967963686
3.969541316989762
6.721013046305016
7.002651440103339
4.7912126642008905
4.482432304104904
2.909015348677525
6.971494453381773
4.721873018002347
6.0765996286796735
6.230124833851489
4.340669255900082
2.0439690551394785
3.4389181734245704
2.8043543997003493
6.353171119419896
5.997186844857179
4.489633791091463
4.102507140314715
4.254383933402131
6.932152849910928
4.040120248916155
6.086721810635346
6.693578407377229
5.071072174549844
7.267924507425061
2.084779857177253
3.415889484972
4.745376809608708
4.681035193490613
3.6860616716843904
5.889128956997614
5.234466087067594
4.163526379649815
0.9121929903413372
4.404808012476781
4.805868797689728
5.670342769424272
6.3139160345848016
5.180979928783854
5.549225766605516
5.8547096978146875
5.230535744132876
5.10680454841373
3.864240479303113
7.354706905470009
7.354706905470009
6.846860573282331
5.146234735280259
7.382501827741562
5.482469124425208
5.494966571720207
10.711821197348153
4.130094816779555
5.91806641463851
5.709230256206182
4.405471271759172
2.60649858831112
3.6378343371041484
4.425051779327538
4.491566755459429
6.994728460033421
2.7154610305671514
5.871930861967578
2.5525624405231793
4.721896470653092
4.378715987002988
6.274271105838009
5.466870739139532
5.820339768776973
0.979223240313593
7.3772483685908
4.533305487438742
6.973271361891053
5.037019468053329
4.87623085770707
3.699754311325624
5.667154246927014
5.907078461196143
8.499629456324882
7.254531545379906
3.089303945894348
6.741868473625758
2.383602659959058
6.005473091054352
6.099459540695747
7.234438958885576
4.452236133446625
3.845205354940214
5.6112827566334005
6.670456798665167
6.09482679031964
6.177202295178131
6.4402478006448725
5.948580686240044
2.5145263020636097
6.212296799558109
1.1346618304145752
5.262117383111871
5.800669500867132
4.019477485129411
5.158868760814847
6.300985495121322
5.030669698346939
5.03700696098827
3.314860919034495
7.08216789632619
7.138933718109793
6.606152511093894
4.405015817361346
4.373866392569171
5.631737487853269
5.255888274286024
4.379018834919882
5.039780062123318
6.459087205574189
7.3792460648117535
5.634031091735771
8.614816574987804
5.791529528745255
3.16409752579483
6.9044818956731655
7.008037593095499
4.719384772510413
5.8140411446666125
6.888057849565422
6.026115784037783
5.01478133714363
5.420497865018382
7.742480273178151
6.820966942733396
3.791675936844824
6.295635962955137
4.979181463671678
7.24570383572498
8.632217547108887
7.258444573351486
3.41309396699029
6.523025826496611
5.255888274286024
5.729794767250828
4.447585595788608
6.75821968532665
5.84142637711621
1.8317327366776892
6.7675505618633975
5.5843202709854936
3.314860919034495
5.768020791795724
5.6834481084495625
1.2467680003233919
3.1461313050424637
5.674865272511639
6.400568924304844
6.269918121948944
2.268322163073209
6.795829682382948
6.184022300582244
5.338950619471163
0.48638216750225816
6.536762569224549
4.470991241531806
2.9840681366277475
6.035536423876979
6.185371791845784
6.721285584359567
4.260330410901022
6.476479459095902
4.5557792106010115
5.580087470630496
6.617008176326003
7.5681851025385924
0.6850002800399512
7.375313278747363
5.374557156362179
4.860001852421531
4.210480618930315
6.638402501452976
4.134441172822568
6.357771295823444
10.506649296024937
0.8196656806235922
3.4314897104430906
5.333408103273998
5.530708921915764
5.482469124425208
5.0719130231779115
5.1545144761318635
5.765200123718804
5.5843202709854936
5.640441067985542
6.086721810635346
3.3327081648395303
5.843914622608143
5.484425115736498
6.205500233264058
6.150947775371009
3.5834542173431387
7.515668641338929
5.130313285363261
6.218884044709716
6.3200683565523965
4.626548747039479
7.462535760545479
6.4809118191707284
5.441631299913475
5.482469124425208
1.1346618304145752
6.472396338636267
6.3742590585138625
6.583144459964265
3.018618084186325
6.099762388612641
4.190747187532201
6.232196306900682
4.413643115884263
3.770116371342967
1.2732100224237899
3.431262042523368
7.20121532706289
5.175509077898383
3.5251568984411774
5.356911894880359
7.081684197670357
3.7232346502812406
5.482469124425208
5.91806641463851
6.722803318892256
5.040778319585094
5.502912845024282
6.038024669368912
3.508970965795265
6.546042943211125
6.875344187822434
3.490972055043064
7.229150061911247
8.095770632942774
5.871839737136211
6.670100197601201
6.617008176326003
3.5395805701868754
5.5756880271194085
5.387186455355249
3.842414261531387
4.356545111757612
2.7943903058647024
5.393250458886811
4.815885955844727
2.286076148846566
3.8954844691393324
6.537987219156076
6.0871614127205795
1.270535681801643
5.9618898193021215
5.8142794569498415
7.205641324961715
4.761186239219928
6.99044649021546
8.128315670119568
4.01319524120383
4.044346768399668
4.264198262913526
4.615624009849505
4.1793311454519095
3.3585323712738107
4.044346768399668
3.2896694853979533
9.959810595599466
5.281076678602926
6.301259549568206
7.477487296997415
5.055619161655363
4.4077304985159795
3.780140113476384
7.206795720097098
6.3673528282135585
4.195418432258451
3.22944573260612
6.243977250873259
3.1686930905293655
6.669797349684307
5.791764848087363
1.5163261025462789
6.276522764293771
4.370348137370206
5.647743435858061
2.982661953252383
1.1966977632386364
5.847264776489299
6.673055757360483
6.440247800644873
6.869257008981924
2.5314458003608977
7.550080529246603
5.403176584206824
7.197891067317329
3.893902496206648
6.333512216651426
2.7036219343953425
5.93445056002464
6.536762569224549
0.9080740207523186
6.5457400952942315
6.956592719352108
5.2803019416597765
4.168273464369931
5.330919857782064
6.529040998226235
6.212296799558109
6.3742590585138625
5.973514393195384
5.672393915207285
6.099459540695747
11.519816626676363
4.410608039611624
6.654849652360328
6.684386069888128
5.479980878933275
5.229588443927666
7.0269431968736935
1.777329222850196
5.820339768776973
5.1405548761122795
5.580087470630496
5.937239344352698
6.909997443729941
4.889348581897492
6.000555692109604
4.868025049847626
5.044772344191486
5.594259274495698
1.089750346899554
6.869406935816767
4.674684022640377
4.890856251217214
1.5651430327740092
4.032578338563838
4.373563544652278
5.683199491628663
5.712703961634765
10.257806879745667
3.6247015233754016
4.3172946252702324
5.030149640330702
5.201808540145342
4.826509689755948
3.823041834936815
6.125759371054105
5.393250458886811
5.84142637711621
4.533195302690914
6.446788001361149
4.7521237359622415
6.635253470293703
5.062262408243623
4.268168619618928
4.464646857637914
4.519412863154878
6.7728707309025005
5.084720120855172
6.3111760202012785
2.9382322820355653
6.99044649021546
1.0979172527739087
7.5284484509246745
5.338950619471163
5.204259438992574
7.328958302342271
5.2792129767396485
0.979223240313593
3.8667287247950464
4.917658947760217
6.185371791845784
4.215014614325076
3.864240479303113
4.908430068015118
7.106198695351382
7.92230416246046
7.0046866409740165
5.154600634129675
4.806590887227185
6.812164018753002
5.359176447081308
5.425650307369094
5.1306363499945835
5.361424342633432
6.336354053948185
5.272899222627796
5.223798578952369
5.709230256206182
3.927802682028396
6.712843549637363
7.421987368595479
4.259536375752842
6.09482679031964
3.7620938333650003
6.754934772464406
5.52591051061092
3.998803241473448
4.778675138953074
5.221835567789509
6.726796451159647
4.856803544720698
6.60366426560196
5.750728571575032
3.08371172364407
4.719384772510413
7.081381349753462
6.000555692109604
1.371861718349852
6.185601031278516
4.688633892791897
5.946143997132467
6.162844370726019
7.317016879244383
5.621994832730323
0.4395130685688706
1.1030646735811755
5.180979928783854
7.172142464189591
7.731544269580845
6.32037120446929
7.143128075169278
5.697658731778381
5.708303300015194
3.67755529526304
4.618298908658074
7.433606919051895
6.061528460975275
6.991393960724345
2.4415147389475482
7.0576785832044475
2.9534154208515604
5.377496562481737
1.3296524832434322
4.936620554880062
6.134415644520148
6.455345137669948
4.237062652590572
5.257087147123709
5.621994832730323
1.0495223142750811
6.530017661027102
3.7690705048734228
6.4153926182142795
3.8546199132403127
5.633446276636799
5.076664396800122
5.079127898604893
1.465781677082187
6.507693364191326
6.47165334104673
2.8231043935623825
5.759488686773562
6.207007902583779
5.623785400063474
6.107364315567457
5.701790280223964
6.728990352956981
2.0130037028221652
5.937800950646579
7.85726599688015
5.7518740992545645
3.409511916022229
3.7801401134763837
4.290757880563899
6.40757211642681
5.768531404684895
7.433606919051895
3.4672434231608915
7.88115024558012
3.922650239677686
4.163829227566708
4.241617216628095
4.300219787994314
4.340589603247839
6.511013966096811
2.577750844840082
1.8299796536758974
1.6126905868472339
3.54906627621308
5.515567880405966
2.1603905146279185
5.675495211774982
5.460303563276601
6.403299933359014
5.84142637711621
0.5930778709613357
7.458496900120474
5.969251801396878
6.200355926119805
3.2834795833235884
5.132126910967405
5.683199491628663
5.490379476089064
7.030514228371806
4.043024795714741
3.1461313050424637
6.818757866644888
6.631434526212794
5.361437852227511
6.0091209300864
3.060202986694539
4.125479648546909
6.106501656991857
5.335629136495976
7.493795500374198
5.7143625770052395
3.1892859301117324
4.826509689755948
6.48182855021352
4.114917864506004
8.75899874084959
4.7505550406091555
4.864556420858855
7.195706403810497
5.2397215330399645
5.101168876363114
5.464382493647599
4.415586523331525
6.736331439500756
5.691885941728932
3.225967549901297
5.675185008616111
4.330402809310692
5.333408103273998
5.72194391794917
5.395705703979745
4.994016258715955
3.4672434231608915
6.964697887087722
2.353106398818822
3.509851571863352
4.446196470664882
3.849883906284285
5.6565048148980415
6.507377271822719
4.593859039216894
5.110408832677519
6.723932439551431
7.0859351725036905
4.755069824791137
4.939411026776502
1.0510481538405214
6.288626105369631
3.484564703972451
4.3763546380611045
5.184865743256312
6.435233274591353
3.0088033781419004
5.833370653061159
4.917658947760217
6.180708072225421
4.306750655723249
2.6505817295070484
5.087208366347105
5.605551343987605
4.041000854984243
6.125896709719642
7.227642392591527
4.91509718502523
4.324648075422873
5.53553692307665
0.9080740207523186
6.420165106371469
5.849457138805308
3.7582437524621763
6.106179764148418
5.697658731778382
1.0178819657263771
7.918079625398017
5.149448191778965
7.984343897830785
5.8653397292168306
4.9525031444295715
3.462074573210017
5.507680233463194
6.426560484044085
6.937499213744825
3.893902496206648
0.29653893548066784
8.103523509080931
2.526262610164821
5.723882149882545
4.998584681880631
2.075349305190229
6.018186752797339
5.674865272511639
5.017269582635563
7.791781048382971
4.601914763271944
6.038024669368912
7.414958207494156
6.901092790950172
6.650424923089735
2.933750590191678
6.336354053948185
6.435233274591353
6.27092702222614
8.046597110709229
4.2118578669820135
6.723932439551431
2.3784502176083477
3.2344751168837353
4.7819601925043465
5.243954333394962
2.715946059571623
7.683093585096131
4.525217427834809
4.797044299838485
6.035536423876979
3.914628680474573
5.7550661107983645
6.507377271822719
6.496598760967975
5.447193938655006
2.074604101820992
7.494538497963735
5.860301920064964
4.286910654932235
2.9823591053354894
5.640970934015774
4.282898507182754
5.809103345543161
5.211437398615024
6.597228329969493
4.984833843754757
6.706887540439308
4.410608039611624
8.432348993199412
5.085222156239989
5.634347184104378
4.260330410901022
5.091420465060243
4.996163829047674
4.550626768250301
4.944792399005153
2.3113676668395096
6.352095538510463
5.431786402650775
7.234438958885578
6.664151104580714
4.604403008763877
6.546042943211125
3.6078501864384336
5.622902307089816
7.227642392591526
6.606152511093894
6.2111344369745485
7.358496213275652
2.5363493027726047
4.89529887797659
3.9882635800339874
4.040120248916155
7.136491420143539
4.933648456996389
6.617008176326003
7.0576785832044475
7.057908629102853
9.171382215150027
5.7652296983868965
4.902732393343149
6.923981005785837
5.047563437600313
6.004785544158462
6.1341127966032545
4.670473409449708
6.960465086732723
6.597228329969493
6.672588443093133
6.446464936729827
6.36347568386696
2.7943903058647024
6.162844370726019
5.809103345543161
7.449447707152391
7.492848029865312
1.7200273557589334
5.029038776420936
6.91380645269316
7.321624742420918
5.21046070001592
3.8639376313862193
3.159422328933513
4.314806379778299
6.552360954510225
6.8468605732823296
2.9840681366277475
6.01569842991632
6.301259549568206
6.381318606408776
5.0117174956093775
4.867347514267681
3.7690705048734228
5.04507519210838
5.12020308942644
5.624309024871789
5.230535744132876
4.91509718502523
6.5538280072565716
4.631012570401062
6.6296612480434245
4.778675138953074
2.833492914226493
1.4573899255017928
3.2380713069586067
7.144864366739789
6.0917066645575915
5.575688027119408
5.030216535544189
4.454252194719931
3.2927369561351285
5.653021488612713
5.675185008616111
3.669249826474256
5.779801352312518
6.721285584359568
3.383545803223942
10.836824272669526
4.189826210008174
5.425650307369094
6.83791262188074
5.165676898846954
5.572768927577768
5.591468181086871
3.100877589983006
7.669310263721402
6.554752902541255
7.194892589222274
6.239964292857392
7.316065895742321
4.92559273294134
6.426560484044085
7.08216789632619
2.6868843904618798
5.8439146226081435
3.6406942985347523
4.601360342722575
6.774536312403595
6.38509839326454
6.956592719352107
6.131351593304384
1.5013484877005765
5.314316393412305
6.40757211642681
3.7932729272051304
3.755761371811345
6.006028532573339
6.361226843474945
6.66378380001642
6.0917066645575915
9.09322858315844
5.594259274495698
3.4389181734245704
1.637263769484994
5.592292359756459
5.725561966895832
7.3792460648117535
8.249784551918994
4.550626768250301
5.507680233463194
4.645738167935555
6.49713158015042
3.7806221304253347
8.10352350908093
7.770080213344809
5.468338629992349
6.45296146238786
4.939411026776502
6.233415466832355
8.88433675390516
4.798197609449506
5.648542046259921
3.922650239677686
7.51152274362269
6.134815544205935
4.741629902051206
5.104013455004903
5.5181244244289065
4.633503967963686
5.0962605788667465
6.52636766869966
5.350945159490904
3.123922023633588
4.599902313343373
5.757476822248741
4.498538342929097
6.3742590585138625
7.18104711696936
7.0859351725036905
5.860301920064964
4.497889493300046
5.387186455355249
5.377496562481737
4.563565184252144
7.062008923158891
7.684948993958679
6.7519369265782965
6.2848150753849925
7.082167896326191
6.125208143823485
3.800821015383383
6.84686057328233
6.496598760967975
4.359033357249546
5.642956415762132
6.051864387165521
6.006028532573339
3.7126130746752235
3.9626389935639814
3.2063550185398175
3.1405887888452986
6.54725152900499
5.769301157821868
6.371556591227657
7.229637833226631
3.8787775558752937
7.570673348030526
4.819001611418474
3.863590226886814
5.450449729568948
4.741629902051206
5.156244687269702
4.599902313343373
6.1174552676853295
3.1089001279609727
7.919513069051632
6.426560484044085
6.313851390873062
6.136903890012082
5.7080004520983
5.021058405042901
5.81217027210932
4.653100150030311
5.243954333394963
4.077098807520246
7.869002732609799
5.349962104319649
6.026115784037783
8.438056199306676
6.336354053948185
4.9525031444295715
6.371467965105035
5.687114762231397
2.7741930305016775
4.301301850110883
4.441618169185343
4.815885955844727
5.055316313738469
6.0091209300864
4.166317473058642
4.896145148191543
7.493795500374198
6.157100196432122
5.378531569181771
5.630655183227972
5.2803019416597765
3.9810602361252836
6.91380645269316
6.106501656991858
6.5741765367173155
5.768531404684895
5.9422929219849205
6.363715088966879
3.3915009565567953
6.125896709719642
6.086721810635346
3.2984194757335303
6.173879550553982
5.104013455004903
6.066350176374996
2.2443374168672534
7.744945478219723
6.73704607701203
4.959645439437853
7.328958302342271
5.766016244959625
7.1423043784422955
2.9534154208515604
5.193715469445591
6.3111760202012785
5.30503718317393
5.044772344191486
4.399863375010636
6.48418180643492
7.13649142014354
4.219385271710085
7.146393861061853
6.068275387328807
3.5718174506116225
4.750973977202156
7.081381349753463
4.340803362219765
7.258836649453725
1.611028843825615
6.416872387803604
4.195323920611259
4.750973977202156
6.3306168961415885
5.995988116357653
11.089454890823317
7.415611192062313
6.142345248753908
4.62144635179003
4.138999469559324
6.484207127179674
5.995988116357654
5.104316302921797
5.0962605788667465
6.381802282899956
4.9971737141290475
8.463501954517518
8.822475617128955
5.81217027210932
4.575363360281111
4.348489387702562
5.013166340756113
4.0935810433545905
7.106198695351382
3.716643793784899
5.257087147123709
4.860001852421531
6.690708807728745
5.110408832677519
1.054276028263815
5.219730632139676
7.342267435404349
4.741656342548145
2.825592639054316
1.8524533768381672
6.094055182505379
3.8346613853932308
5.236209303143658
7.317475274365711
4.163829227566708
5.961889819302121
5.480387028375903
4.085411546686937
4.108672995392015
8.280586732678954
7.030514228371805
2.2443374168672534
7.080991491741604
2.6489158095993672
1.59878086356321
6.129530345444428
5.3960911081350185
4.204238660064846
5.004219553102724
4.365810668514121
4.867347514267681
6.2848150753849925
6.546042943211125
4.055042028829333
5.363658821233892
5.6699537209953945
5.506898838898767
5.630958031144866
0.7293787436768315
7.01639922732671
5.710791545507128
7.92230416246046
9.197301896946685
6.709402110253377
6.496598760967975
5.530708921915764
8.40464398706903
6.2526779546003795
4.814165997829349
5.478882599539332
5.757476822248741
3.1892859301117324
4.050453258696221
4.721873018002347
6.0516273062553685
5.353948546234634
7.083670620302742
1.7991856185408637
6.73704607701203
6.506567275063965
7.3221801839399046
7.107681180111822
4.755293190768355
5.4027477494725415
5.084720120855172
3.8346613853932308
7.725480266049283
6.635253470293703
5.020202402581619
2.4529188535068567
4.657362741828817
7.0186874946651105
6.419862993648824
5.98609224163383
6.018186752797339
6.412412230233313
5.6567412546144045
4.670473409449708
4.334769735552891
5.152120344989676
6.8468605732823296
6.597228329969493
5.980279929445601
4.936136702488323
5.039386301647807
4.979484311588571
4.7521237359622415
7.626319561449087
5.831110677001574
4.7505550406091555
3.5834542173431387
2.8614205558369585
7.5681851025385924
7.08468305605146
6.471387536358648
5.557311426570008
6.511013966096811
6.446464936729827
6.34155156896348
6.400792679776897
1.017531450623149
3.5910688048621364
6.820966942733396
3.0496590171475555
0.7526354306513364
7.08468305605146
5.986092241633829
4.604403008763877
4.5557792106010115
4.567307636226062
4.367296457082996
5.511475571977826
5.816717933062158
3.101285540441975
5.119309727567933
8.632217547108887
3.4738764614152866
7.082167896326191
5.312025611758837
5.17974187825338
5.464079645730705
3.7485778262927525
7.971001303726894
6.129530345444428
5.526632270296881
1.046253490285849
6.319838385286845
7.429714275754277
7.590422757204575
4.7912126642008905
7.599470981954388
6.4160943592823925
6.4204679542883625
5.8414263771162105
5.817376284597206
7.422710606273258
5.64605008713675
6.757466858911434
3.549767367307216
3.9755575801790277
7.055242888613866
1.6294170509980277
4.719081924593519
6.151507974181843
5.739892504706937
5.8653397292168306
5.3799455286760995
5.135905507613539
6.196263571946954
5.66466600143508
5.29721188749185
5.021058405042901
5.378531569181771
4.379018834919882
6.381196497710272
4.745381754951878
4.711329048455363
1.1957434833927898
4.63335511025042
4.2601479332305425
5.884434307899447
7.592674415660337
4.454252194719931
8.633929773649172
6.172725783793451
5.506898838898767
6.282023981976166
8.05491499393712
1.662159893434574
6.381196497710272
3.3505098332958445
5.154600634129675
6.537987219156076
4.46228295640903
4.7034198075683635
4.184732015802577
6.09482679031964
5.00391670518583
10.39810026097059
3.7128871250543707
5.828712715373222
3.9810602361252836
4.531113125122733
1.4307420923913226
0.8196656806235922
1.3098568955027223
5.315598967214834
4.679836464991087
8.758062673787236
1.6408690929770031
4.41519254152997
5.929552184358413
7.316065895742321
6.246724599894432
6.603361417685067
2.5185097340266647
4.933345609079495
5.507680233463194
5.948580686240044
5.924399742007702
6.212296799558109
6.901092790950172
5.54400229350793
8.096576292649656
5.65664808863783
5.330919857782064
0.8276882186015586
5.456326769592549
7.194892589222274
4.924001837804999
7.592674415660337
5.8077184068259955
5.769783521137125
6.38722382591641
5.0054812940300355
6.82383188482976
5.16453848548289
6.422956199780296
4.8615677669298405
8.15501174375619
5.258024885350749
4.190747187532201
3.168605028204733
9.572732769579611
4.6279117457134085
6.002930164988935
6.3577712958234445
5.5181244244289065
2.9309252900891263
6.91380645269316
7.422710606273258
4.528268158697086
6.240153489171565
1.4509703706209172
0.8545316614462241
5.8528493402592705
2.833492914226493
4.864556420858855
1.2674531293863875
5.150813036759796
8.405116113986807
5.055619161655363
5.91001069058346
6.721285584359569
6.672337843340437
4.181922988226788
5.142648210394384
4.434576920208466
6.277874712788048
4.3763546380611045
5.480287612642487
6.371770813021929
6.2709270222261395
6.595608541546911
6.131566737899165
4.930572948527866
5.004219553102724
5.7219439179491705
6.747938054017341
7.800333457801486
7.391959726554742
4.130094816779555
6.488992421074492
5.553421449983965
6.2526779546003795
7.272483306849157
6.050906885369257
4.770570159268781
5.428925187334562
3.8954844691393324
5.152859830439937
