5456
4991
3649
3489
3279
3237
2913
2840
2417
2129
2103
2037
2013
1856
1843
1840
1741
1731
1702
1700
1695
1621
1594
1588
1583
1549
1520
1505
1498
1493
1491
1472
1468
1449
1445
1439
1438
1416
1404
1397
1396
1392
1382
1382
1368
1365
1361
1352
1350
1341
1336
1328
1323
1323
1322
1317
1306
1305
1298
1293
1293
1292
1286
1284
1283
1276
1270
1269
1269
1262
1262
1259
1254
1253
1250
1249
1248
1245
1239
1238
1233
1222
1220
1213
1201
1200
1200
1196
1179
1176
1174
1166
1165
1162
1155
1153
1148
1141
1135
1132
1130
1122
1118
1115
1114
1107
1107
1105
1102
1097
1095
1090
1090
1090
1084
1083
1082
1082
1071
1070
1067
1066
1064
1060
1060
1060
1059
1057
1057
1052
1049
1049
1045
1040
1040
1039
1038
1034
1028
1028
1018
1017
1017
1013
1013
1011
1011
1010
1010
1009
1000
997
996
996
995
994
993
985
985
985
983
980
980
978
977
974
973
972
962
961
955
955
955
954
951
947
944
943
943
942
940
940
939
938
937
937
936
931
931
930
929
926
926
917
916
911
911
910
908
908
907
903
903
897
895
895
887
884
884
881
876
876
873
869
868
867
863
860
858
857
852
849
848
847
845
840
839
837
836
835
834
833
832
826
826
825
823
822
822
822
822
820
815
811
808
804
803
803
802
801
801
800
799
799
797
796
796
793
793
789
787
787
787
786
786
785
784
783
782
779
778
778
777
775
774
773
771
771
771
771
768
766
764
761
758
758
754
753
751
751
749
749
748
747
744
743
742
739
739
738
737
735
735
735
735
732
722
721
715
711
709
709
709
706
704
704
704
703
703
700
699
699
697
697
697
692
690
688
688
687
686
686
686
685
685
684
682
682
681
678
678
678
676
675
675
674
674
674
673
672
671
671
670
669
668
668
666
666
663
663
661
656
654
654
653
653
651
651
649
648
645
644
643
642
640
640
640
640
639
639
639
638
637
634
632
631
631
630
630
629
629
628
624
623
622
622
620
620
619
619
618
617
617
616
615
615
614
611
609
609
608
608
607
607
606
606
605
605
604
604
604
604
602
601
600
598
597
597
597
596
596
594
594
593
593
590
589
589
588
588
587
586
585
585
583
582
582
581
580
579
578
577
576
575
575
574
573
572
572
571
571
570
569
567
566
564
564
564
563
561
560
560
559
558
556
555
554
552
552
550
549
549
547
547
546
545
545
545
545
544
544
543
543
542
542
541
541
540
539
537
537
536
536
536
535
535
533
531
531
531
530
529
528
527
525
523
523
522
521
521
520
520
520
519
519
518
517
516
515
514
514
513
513
511
511
510
510
509
509
508
507
506
505
505
505
504
503
502
502
501
500
500
499
499
499
498
498
498
497
497
496
493
493
492
491
488
487
485
484
484
484
484
483
482
482
481
481
479
479
478
477
475
475
474
474
471
471
470
470
470
468
468
468
468
467
467
465
465
465
465
463
463
462
462
461
460
460
459
459
459
458
457
456
456
456
455
455
455
454
454
453
452
452
452
452
452
451
450
450
450
450
449
449
449
448
448
448
447
447
447
447
446
446
445
445
444
443
442
442
442
441
440
440
439
439
439
437
437
436
436
435
434
433
433
433
432
432
431
431
431
430
430
430
430
429
429
429
429
428
428
427
427
426
426
425
425
425
425
423
423
422
422
421
421
420
419
419
419
419
418
418
418
417
415
414
414
414
414
413
413
413
412
412
410
409
409
409
407
407
407
406
406
405
405
405
404
404
404
403
403
402
402
402
402
401
401
401
401
400
399
399
398
398
398
398
396
396
396
396
396
394
394
394
392
392
392
392
392
391
391
391
390
390
389
389
389
389
388
388
388
388
387
387
386
386
386
386
385
385
384
384
384
383
383
382
382
381
381
380
379
379
378
377
377
377
376
376
375
375
374
373
373
373
371
371
370
370
369
368
368
368
367
367
365
365
364
364
364
364
363
363
363
363
362
362
361
361
361
361
361
360
359
359
358
358
358
358
357
356
356
356
356
355
355
354
353
353
353
353
353
353
352
351
351
350
348
348
348
347
347
346
346
346
345
345
345
344
344
344
344
343
343
342
342
342
342
342
342
341
341
341
341
340
340
340
340
340
339
338
338
338
338
337
337
337
337
336
336
336
336
335
335
334
334
334
333
333
333
333
333
333
332
332
331
331
330
330
330
330
330
330
329
329
329
328
328
328
328
327
326
326
326
325
324
324
324
323
323
323
323
322
322
322
321
321
321
320
320
320
319
319
319
319
317
317
317
316
316
316
315
315
315
315
314
313
313
313
312
312
312
312
312
311
310
310
310
309
309
309
309
308
308
306
306
306
306
306
306
306
306
305
305
305
305
304
304
304
304
303
303
303
303
302
302
301
301
301
301
301
301
300
300
300
300
300
300
300
300
300
299
299
298
298
297
297
297
297
297
296
296
296
296
296
296
295
295
295
294
294
294
294
294
293
293
293
293
293
292
292
292
291
291
291
290
290
290
290
290
289
289
289
289
289
289
288
288
288
287
287
287
286
286
286
286
285
284
284
284
283
283
283
283
283
283
283
282
282
282
282
282
281
281
281
281
280
280
280
280
280
280
280
280
279
279
278
278
278
278
278
277
277
276
276
276
276
276
276
276
276
276
276
275
275
275
275
275
274
274
274
273
273
273
273
272
272
272
271
271
271
270
270
270
269
269
269
269
269
268
268
268
268
268
268
267
267
267
266
266
266
266
265
265
265
265
264
263
263
263
262
262
262
261
261
261
260
260
260
259
259
259
259
259
258
258
258
258
258
257
257
257
257
256
256
256
256
255
255
255
255
254
254
254
254
253
253
253
253
253
253
253
253
253
253
253
252
252
252
252
252
252
252
251
251
251
251
251
251
251
250
250
250
250
249
249
249
249
249
248
248
248
247
247
247
247
246
245
245
245
245
245
245
245
245
244
244
244
244
243
243
243
243
243
243
243
243
242
242
242
242
242
241
241
241
241
240
240
240
240
240
240
240
239
239
239
239
239
238
238
238
238
238
238
238
238
238
238
237
237
237
237
237
237
237
237
236
236
236
236
236
236
235
235
235
235
235
235
234
234
234
234
234
234
234
234
234
233
233
233
232
232
232
232
232
232
231
231
231
231
231
231
231
231
231
231
230
230
230
230
230
230
230
230
229
229
228
228
228
228
228
228
228
228
228
228
228
227
227
227
227
227
227
227
226
226
226
226
225
225
225
225
225
225
225
224
224
224
224
224
224
224
223
223
223
223
222
222
222
222
221
221
221
221
221
221
220
220
220
219
219
219
219
219
219
219
218
218
218
218
217
217
217
217
217
217
216
216
216
216
216
216
215
215
215
215
215
214
214
214
214
213
213
213
213
213
213
212
212
212
212
212
212
211
211
211
211
211
211
211
210
210
210
210
210
210
209
209
209
209
208
208
208
208
208
208
207
207
207
207
207
207
207
207
206
206
206
206
206
205
205
205
205
205
204
204
204
204
204
204
204
204
204
203
203
203
203
203
203
203
203
203
202
202
202
202
202
202
202
202
202
202
202
202
202
201
201
201
201
201
201
201
201
201
201
200
200
200
200
200
200
200
200
200
199
199
199
199
199
199
198
198
198
198
198
198
198
198
198
198
197
197
197
197
197
197
197
197
196
196
196
196
196
196
196
195
195
195
195
195
195
195
195
194
194
194
194
194
194
194
194
194
194
194
194
194
194
193
193
193
193
193
193
193
193
193
192
192
192
192
192
192
192
192
192
191
191
191
191
191
191
191
190
190
190
190
190
190
190
189
189
189
189
189
189
189
188
188
188
188
188
188
188
188
187
187
187
187
187
187
187
187
187
186
186
186
186
186
186
186
186
185
185
185
185
185
185
185
185
185
184
184
184
184
184
184
184
184
184
184
183
183
183
183
183
183
183
183
183
183
183
183
182
182
182
182
182
182
182
181
180
180
180
180
180
180
180
179
179
179
179
179
179
179
179
179
179
179
179
179
178
178
178
178
178
178
178
177
177
177
177
177
177
177
176
176
176
176
176
176
176
176
175
175
175
175
175
174
174
174
174
174
174
174
174
174
174
174
174
173
173
173
173
173
173
173
173
173
173
172
172
172
172
172
172
