1253450
148060224
3527680
33059598495
8019897800
62024840
53492900
672136248
79643473140
3211002812160
882444506832
674414260
27264357120
203947440
1875964818
907966280
20864053209720
3847744297
34161538320
17967597310
1388935636704
25952704713
108795852480
4905411292080
5736720
150180781821
4134636
10663474332
24666624
11084100
676791460800
1982267450
67345508622
8313616136
7745115
110873599200
468974188800
69685784
33617892165480
57676443648
65541896700
13440656236128
3795956200
12677600
63553451425
49923240
262403692440
11503627200
154120110
96686928
36176000
31667776800
3532084406
7549759908288
4622922465
34161538320
813065760
3823148408
335159352
476788
155071250
20416067280
151254833022
3247040
1670531456880
11584422720
37959562
72720
1560576
13473282240
421474944
57050682500
57817547466
9931512
231637056
31118499909
489187440
123600446640
200384712
38956060
16125612400
31658907852
152956650
223891200
674754418800
136424131925
20097609336288
6173860
247834232053128
2126204600
226078995660
835610374389
92073152
12944603608
137638
359635960
2394422933760
24380018937
138451040
108205156584
316677768
72867168
252561800400
388477895
4545000
13380480
50849890000
1546742676
655728437000
12168000
26950441700
261634827168
15101780100
49786000
5165781600
568675045785
1338480
1451360
633211444320
3475360716100
6509016072
81875584
789860357595
102251376
1833534752
310801242670
4828113693
3523768500
5922408960
32486748189
841602688
516578160
327192044400
34161538320
370792240
556319050
38324225376
408148272
53191200044
223306406154
362
837007200
29036285192
619608731280
3812290
32555518
1133767264
184916898600
819488544
85102761600
690982794
3011534
6305024600
856455184
4548955705560
41993049362187
33988900
15775980
531223770
531223770
1217255632
19235263908168
465090286320
142438005150
19355869368
453685145760
794600
70939440
444511
146206400
15792907000
4978600
96979875200
3392
620460216
2134525120
6419437061184
350961044
24189839180
2559792138
208310174688
790118456
75706711136
1003607548
372936
27378642480
2976600
634828896
2868360
332328254544
337286912
605121630568
2279182620
20416067280
18780371000
138429611950
10506017485
2848417190300
715710240
3539427840
4552983843408
3291307200
537580288
672700
150180781821
68851328
7801200
3256879309320
15879296
5085440
3232483992
51164074
7562880
56041934
78204532
629760
23987800
1232612520
513476824
2047064602704
105542899200
38847789500
62003200
34810088094
4095951353
3689449200
109463328
8370240710
430893304
2394422933760
20171101080
7108375428
19228565
300638196612
8106702450
35653100
100095721719
20482073010432
28426973283
3867477120
799920
1438543840
1529566500
11997429840
8370240710
1108410
15101780100
13978061820
1326538010
52162600
1464857648
1988964120
6173434800
178757376
1750219020
2150187600
8106702450
724031574
167658960
87971520
3244503250
28027451520
11532506560
28062539555600
6234
654189120
11322349632
52446680
634585536
65090160720
21500
74244352
3244823387850
9933530600
83234592
12526550
6509016072
158699856
631389160
409598610256
697698183
5622500
113547062196
198610376976
26889550
2208240
111023000
1085687828
567241880400
160009711056
18081492
17967936
19002540
54061312
23863665
28027451520
427648
329266080
92887040
5971
11062833768
7360039420272
6075984644
177026001201
59374155800
4654080
3689449200
121725563200
7847191872
655418967
1252655
1034280
3162819900
2232033544
431
351681638595
284509764
723098592
1596496000
10620389736
7803777436
936702958464
11991217250
6717328689750
2783139425
1374898739
558085000
469159392
6619368
63956310
409600
294538998400
30190511520
856314360
223600
264414574908
2481140
4374877262
76367947260
8303976792
180973195
91119
25172263040904
45641206000
7195303208912
5682350716
88074258600
82638400
5623518135
4812221284
35388178464
1443502144
449198400
5409496764
1048629120
143641
5182392152
4689741888
990613656
44640310
3790
996695899530
6217750
5580850
449147650
16783921704
2426722393788
31315866456
7035194100
3412943450
1887971283198
191586343725
10099721079
540613120
66207134
97520
6965352848850
6141158760
4486449523
960311500
145425924
1197574560
12168000
286666921944
11525307723
321882264
341294345
3621926880
61413270732
64708228
12773145946
244144176
73829028255840
392738016
96131273952
70806323875
14806022400
92887040
30446402
1596496000
78471918720
501666366
5778331200
2504214602
322931968
49786000
200733829296
732328970432
72403157400
7728210100
217018434468
90796628
407158960
19554080760
1509661110859
40094022152
7276312230
1766014848
108240
811626128676
6490655600
57378860
66820
522500
38635782484
6635502615
6615007700
1300
3335178456
4309248528
74052
21064458496
332328254544
13487132880
10729717845
6568855360
973090
30040411573
524786724
3733910208
2354641863
1216800
57882067730
455602804745088
7429024580
2821508400
145691260416
40503397809
5620619900
577833120
35328125
70640593920
949250016
9355840
22665344
2807490
634828896
51001986336
6364131057
81253256
87
1981414560
26728427796
26365986304
208310174688
1326538010
14513600
1160210160
1090897678860
146551148
728819784
24103038316
465408
969798752
229626610
6763196440
67441426
5255832024
515662986748
2478284688
4318776
25952704713
1744392816
1411519956
1899808898
20018102650
767794104
95627105424
22361951040
508521471150
224810265519
268681967884
27264357120
58629649
7240315740
75471825312
1745110224
271203037959
3733910208
1065680
121709120
64708228
33463625480
936997768
5830
8327840
1731840
77875200
12873080
687553739502
60842522
3244823387850
134836
276257016
901064736
2990225497
884856960
5053512688
1139599428
6568313528
38197104289344
327192044400
2686819678840
143052905348
498147804
1579290700
238548055
79646491532410
20427048
30148990224672
1098151626
329266080
280749
639563100
32861696
54088098480
36010273504
646203030
23854805500
5081525
84649991
38024367500
12135721640
110000
1182340723620
26206332768
51317568
5230749600
1602864796
739970
52162600
781981096
1348713288
2547372178
17702600120100
43488400
176764458168
7118673174
2048467600
507350000
126742050750
135760437904
700906300752
156409906536
21785639400
7512148400
18088600285
3292660800
63639040
5264771218
14115707424
27139622815
543748688
103413440
2277975
16869204
339011270
223306406154
56724188040
3867477120
194201280
34962400
10103961022848
2438400
133857754212
5120683550
3804845899008
22068027660
147340590
152956650
336398693904
6395631000
44807540400
8424192201984
3649368550
2777016264
67475441880
55072368
40715896
339849312
28074900
23221051920
359840
396690065040
456809180
11395
64514548496
325687930932
186773
6504489136992
1423996704
11845470
2421088654
20018102650
228895128
56481040
54238080
720016427520
121
7040
87153248
5216260
3884778950
11973312
43444445772
3172522150
14370228853760
5831616
5623518135
488548717384
1169605465980
8882640676
3430966448
1141911
984200
1018686490
220163204052
49923240
1873427358528
4638794472
93680736
163016755200
81971370
32555317563560
687796200
465481390
929623467
133596837500
3565310
735220134
2662704
1031605674
2385480550
159600
6164200350
33617892165480
456412060
10278406944
74522111104
54322704
1480602240
128583097188
1198218676998
254625580
94090512
2662704
2802745152
19235263908168
276313165800
4938029928
131500420
78915794352
6615007700
56912863224
874538
3890003688
701795952
4060096553953
2719831104
15757318374
3957938820
23635000
486720
1259440
19077426121248
1512640
1763856875
11417389256
431877600
1090897678860
70346292235
20453323627850
562351813500
10023090
1300000
175175360
146350540
11354090
11686607856
981513836
86419648
2556566656
851027616
2619727035
311184999090
2769212160
21157845984
34834554480
437983520
237150926292
35584013652
291978960
80108681715
9109307160
2246975280
9733426560
532629784692
407158960
17912009808
2230831554
55937736576
7231863912
1351197452220
619608731280
70806323875
19341653315
132678624
5133843092
45215478000
674414260
486720
159074916000
62933009040
1833534752
904777824
2260789956600
126742050750
6241015
54258880
158693372250
1581840
98420
9299044880
754494520
843601449600
698906817090
437566564
44640310
935681230
728977028
507350
806591219616
338445425011200
175560
22552265585
1447517874
2238912000
141177432
10946332800
7339629600
7405200
122473560
2875906800
2777016264
2575349712
4489321786560
20482734200
1025574
61734348000
41935190
2853864774
62003200
6347145168
28074900
1669062878
365170
1443502144
157747133
115274640
582433600
71930
276155461296
636153128
3403620727
593501736
6890
19186
12588063790
474075175
1416606673188
1277314594600
22101
13487132880
55681704
6363904
2951130312
4796458915248
29310072
33384064
113343986280
223083155400
17187372000
181056153096
73634749600
99131387520
12654720
35237685000
1217255632
40314031000
48742195551
12281162400
2970222502
113759539050
842270
3689449200
944773760
248556320064
11431457278
774893920
3019051152
882760872
2847552610
4689741888
64126674144
4585352328
34129434500
425514445
49933387000
110289402254
255832150
40314031000
170006555
133848000
200384712
110873599200
14806022400
95959680
64514548496
28404124320
392475600
670700160
3467202336
16487809536
44950023312
11975745600
7195303208912
756490984
17660148480
52172
26365986304
30190511520
276155461296
42395760
16029271774926592
33716115784
32486748189
18751977686
30236861725
3389684430
75855312
1669062878
150180781821
14757796800
95627105424
17501892660
935987869440
158250730
107297178450
40264460082
10664472
39218410
5016663660
728977028
12065898841
238978071
334636254800
188859852300
1495750630
968649640
5124407184
15352192
2772297288
2304885200
284841719030
2126204600
8436014496
26874671472
1123640424
2481140000
5217200
10141560
79646491532410
123784549380
759706794
175468125
3825247
40746786864
2003847120
11991217250
23603030880
476788
43281192500
3823148408
257153399349
5507236800
280285966539
18042850080
619883352
7240315740
16108428
18571120
1537104999276
966869280
312754560
410833441928
45260
4740751750
1784684002
13384800
1770260012010
57934854585
6713964840
508196839260
9492500160
96131273952
219871310736
671396484
120846638016
522773440
9697987520
16108428
393633885744
1446504620
18203262
190640774016
17825920
11141533712
78897728
81253256
1851468528
85905355536
23953685184
3777000500
72610
3072550
253977972864
4767880
238978071
3042954720
1647567469548
200733829296
24693739200
17168755110
880742586
268895500
599115443472
484
30148990224672
7751574376
121000
4767880
12135721640
58263300
6247829952
165039654384
202562
165039654384
17912009808
5830
5669516530
515662986748
437398824
22962661000
969798752
21496950930
62058632580
3793264272
141123312
1942012800
75360194
50849890000
5801556384
302427320
158397169546
83039767920
739970
5782796652
325115568
5381406100
902139000
3998820956
12509628190290
396690065040
57367200
48387311
2164583520
42417031230
4535538957
229769600
1809731950
1389433584
142438005150
1310
774893920
45392124752
11417389256
153982632960
1154638888200
432811925
158693372250
732328970432
113933839929
21857443482
556326160
146428
1312090
6575088
10552506564
29766000
54191210112
34002327305
1906070588
11973312
13359683750
11268884380
55620600
21010
121680
896083396
11084100
4585352328
6752051200
23669548177
668200
75449452
13894773048
261634827168
344977851816
24693739200
71571024
142514615
375685482969
46659156439245
586296490
4830174940
740520000
4480754040
884856960
198610376976
7562880
19464258
81485
6363904
37390230075264
343618080
282217100
1009300
60089664992
521626
395989944
414399792
819387040
65872634256
945360
8500
23501698600
137412751896
11440000
143182845685
1306332459144
32926608
259985000
144154504536
801989780
57934854585
1140810440
12706699740
33633033408
1432842840
799920
27283454640
896793198
662617368
1596496000
331975116
73791888372
5264771218
20522827512
5379
1753915520
178143360
10946332800
616545298
5898608146704
201043006416
6656101375
3564178222500
3390112700
29799407664
62340000
513464
1851468528
5780579832
3389684430
862253451180
50310250848
1062749071296
7512148400
9466704944
319909035150
1347209160
33901127000
235464186300
108205156584
6664310200
9591579335
3385600
3178400
685740
5265157606128
2854851648
16029271774926592
106508160
151945584
4611672
14757796800
1082427958
8019897800
168238805525
769220800
62699270364
6606016
725989490
16087019376
1971513844
108205156584
81306576
1418594464
1312090
31320921457800
556328654220
19420128
6984142500
11113063520
7605000
1158442272
1355823110943
543748688
190344826914
682273240
9010647360
458357040
11238738784
491925264624
4250545834
3000239594352
78204532
776005957944
81176000
1348153968
396
359635960
341960520
21722724240
23747996412
133635560508
60377031954792
14409330
42856260380
634773489000
577833120
37770005000
14260912248
348479664
929623467
36497370
1636766670
521720
98854487824
640437308
105556101382368
30105899838
21117021741816
141388500
255815681310
26072039025072
38541600
380243675
271449387318
2372784772
717415776
5309517200
3199090351500
478932480
566479718
160009711056
595187880
126818160
52995106050
28540825632
4445110
3088239000
135200
6595550
1102539900
751987612152
430528
3062515536
5408809848
17403729
3621926880
216922176
254625580
10741434290496
269073816
1302761200
251954604804
723352740
2101116240
49380299280
20761839747792
780120000
12953050
966869280
29958250
117440261830
696577573860
353082312
1801596805632
2990225497
52284558
115155552
5225000
40503397809
16474409546
411164750304
803142324077184
20205137
3104388100
2949022300
43847888
243023673384
40010835646635
4070042064
23363054354
15499029294
1370
617343480
93568123000
95627105424
55631905000
269073816
28335996570
922336352
351681638595
16189049984
5827635010890
122597540288
181056153096
82544854
432811925
5264771218
7787520
124796018739
43444445772
698414250
7261
5563190500
5470607
160009711056
78471918720
1372889100
754921427295
3273997100
534835728
181040
204846760
1385656968630
15083481210
608857158
1181163604
51164074
55915424
7569132672
15126400
5736720
2636342440
3757028220
49270043751
30882390
45364505340
60394992
83837520
8923484350144
36453198600
42113800
5570340909
1630167552
34810088094
588380
3166777680
9216723040
248556320064
2149695093
11210747020
22389120
4966983088
32719204440
20038471200
32992932060
4850314062192
11606112
18751977686
10435971728
733962960
13559103950
135092287440
590501286736
3337728
181664
535285217187
249473120
616080400
242622925776
57783312
8500
22320314
2875906800
5034576404736
10482
468974188800
122683234
93352400
13052081955
1310
2896640
1204779962880
8852064
27697750080
64735216
21500
64126674144
20416067280
41104980000
822211264
424170312300
14562084906600
39247560
1065680
34814933408
80603575200
3788557448
127397606896
35214861656
225952584240
1731840
768504
25998500
8500
19554080760
146445977874
23804825450
31990903515
830397679200
3532084406
1827236720
7917534108
73905346548
9186303060
51508639
29023552600
180428500800
295136774064
3890003688
353358720
4938029928
19341653315
541200
1093796000
6575934
396655756452
16845520
55915424
151005675335
23830815
14115707424
19770861328
3795956200
12135721640
3398739365871
57414240
48591504
7223496
492301312
1779517101879
2115279360
620586325800
292897440
9626760
24717736814
513464
64000
8885924880
10435971728
47678800
102053016
299935746
36810
30040411573
12939641328
394916500
2388750919632
1055008
60499866336
59350
15709520640
76980848
392738016
93598786944
3024273200
12667110720
2296266100
11188325016
684802372
232615670
4031403100
248114
2936640
53344510
874060
16705314568800
27659567800
198610376976
21366436430
76922080
5580944936
4409628300
156361642272
569752020600
20484676
5652500
2325684000
65215272096
768681204861024
456412060
31628199000
56081064
280749000
52250
78488476579040
1415624712
90213900
1335968375
35963596
156361642272
53596665
2970222502
26889550
283359965700
17967936
2765956780
375129336
308823900
30625155360
13143504
556817040
24580400
36216360648
1072971784500
198226745
2947891800
286601337944
468635904
60990264
993353060
61122284768
17168755110
223083155400
656885536
67270
1330054960080
137
5296687280
6084252200
24189839180
6619368
5381406100
1300
12939641328
42395760
12944603608
670700160
237150926292
23511532248
618120
180428500800
3578599080
52764400
1115966831364
394160
71930
588380
56419349
47407517500
4611672
10235680
675410
16125612400
686535012072
966869280
375129336
10635562080
66514562400
2951130312
1115966831364
132723373906
1853075218632
5124407184
820381240000
1816798885704
21722724240
521626
5084989000
99426135354
1659840
652015490112
751987612152
7976995210800
450047336
21785639400
50735000
1009300
122465200
23216544
325428293280
12294880
234543971261775
105542899200
17318400
2421088654
301905115200
8092801600
49258026972
329540750
2321654400
49660881704
6297600
373652470224
14424
1020530160
43187760
6568855360
1512640
3004282380
3539427840
26932243914
8807425860
51244071840
998364953520
44769524
490348342425900
559282847892
22344529000
70793506
23650
37721460
295785050
1141506912
7917534108
2150
35335872
3454072328
2403728432
34209305037
2786310295440
6173434800
10656800
264033793650
6595550
1586933722500
2323938064
6263789268
1888598523
953344975688
36176000
997125636
245510865
1306332459144
2365206360
7536320
2802745152
3757028220
10023090
11991217250
166041615960
3793264272
593501736
148145792
11188325016
317840
2279182620
1759960832
16474409546
55681704
12713534
508544
1090897678860
7882000100100
26050596040
77637455344
2210487552
86143902600
608425220
288099765
32399782272
3454072328
56041934
92694784
219871310736
6185320268688
14095925565696
51508639
10478540800
6263789268
20665166528556
7261
13380480
9752000
561378715800
352376850
91515359664
14260912248
761381452
143182845685
51244071840
22552265585
10908025
5270108
236039952
1982267450
819488544
51239100
211100472
1094633280
27311658
720523056
6229
75970679400
4211380
7657
130593930815375
1996929600
24189839180
232217600
26050596040
171873720
166041615960
1170280
1446023095920
1110230
352571720800
971494590
13728891000
1876741452189
1658663030178
1031605674
292897440
332328254544
1224735600
255832150
99131387520
96031150
115274640
384710
133848000
92917880
36786562680
4453584
791230
23650164506
83640
7597067940
1160210160
5527070120600
6744142600
1836745846
2466812619040
95349296
34655582
100238750616
1451360
294538998400
401458032
7514606010384
7553
2947891800
13937256991350
778220380080
7534488
74250297495
4249675584
27950
1480602240
1744392816
125610210
1232612520
19964673580
4689741888
83451153912
1029266784
31320921457800
11229639640
20465153280
93170376
3024273200
332328254544
18373337928
801989780
23650
61295751300
2875906800
9185064400
7569132672
282217100
8399799699731
230010
5652500
15083481210
672136248
815295096
141177432
503875261320
2645931720
191732800
5150501475
27950
58842190
12526550
83700720
92591120
175173494496
10148332980
19964673580
89679319800
7597067940
660654140256
1411774320
778220380080
5408809848
6241015
2821911141000
15412011
960893972
8740600
16825231500
343028936000
6664310200
1090897122
63956310
6308125
9591579335
12172556320
390264172880
4031403100
13907395699320
26788443808
28538647740
8436014496
6063200
763031808
1090996216128
6459520
255999271820
715243148
213664364300
29036285192
103914
9577207557
65688553600
1335968375
146445977874
60089664992
88485696
2584679666008
6400
2269522200
629888
165039654384
148796970
1372889100
83870
22308315540
77875200
4739328
80928016
512068355
379595620
36978003699
276511600
1793042597808
25583215000
11210747020
3207959120
47530039494
745627407
5124407184
15160
1270669974
25581568131
49270043751
23182137672
103998272
32470400
1878037100
603935
18203262
74930688
64546519275
26464695110
36693144864
196780320
34621
1348713288
17967597310
13000
796464915324100
33377280
51337248
2719896312
7363434672
30067072992
1166286
388477895
9733426560
5680358460
4992768
169339008125
11238688062
556319050
49380299280
30514432
62919762
2350169860
276155461296
39620228720688
13937256991350
359635960
42133284180
76968948252
75471825312
311933175840
64514548496
2867795875
232568400
966869280
28855361542392
737918883720
700220135494
14806022400
380243675
125265500
636153128
438666876
40693087512
10154076217425
46693414548
2616120
4568091800
7715566
1670531456880
414399792
9541922200
9288704
850
5833
56912863224
230010
11906400
8263840
11503627200
2558252400
359635960
15792907000
346555820
3207959120
7787520
1290188328
72327125615976
48918744
26215728
199122495660
4511986690752
7427054448
850
5150501475
312812255811
2875906800
135200
52881984
1389477304800
34340176728
217088
38373673422
15792907000
3222668108781
35335872
24343176
151993181375
1506629583999
20589328435
12247356
2646946420
27511848000
12281162400
1343871809594496
90213900
5053512688
102961609000
838700
5250467768
2466812619040
32897002428
40790940
2218125853944
1463505400
304162760
754921427295
930273600
7231863912
58899236656
2383910421068
36200
108205156584
251954604804
179776
15780352896
5736720
10937960
19027795
138947730480
188859852300
422053840
3499403394240
36344220
13491099550656
28759068000
3273910267628
28448704
951573187341
6541891200
4489321786560
5241875
491903885880
63138916
19678032
7946000
727200
287829111752
113223496320
7964649153241
236350
748132493472
73082304
4006509661440
318992978304
44981605461
577833120
26874671472
19060705880
27139622815
1228116240
39247560
125265500
214969509300
60885715800
12483303
1514801904
386454207744
526370136
107558200
10148332980
3767001340550
6108758712
72867168
170413056
115325065600
10648
1025574
245014890645
355437773728
1988964120
667167380870
6093056
17660148480
4079984944
113933839929
4074745960
69275625
5399038397
1942012800
535285217187
23854805500
141123312
14284285120
7084565996
1430986487040
110
11975745600
4241703123
1151442088170
341615383200
49898058289800
2896640
5187774992
27916557564
198610376976
407687024
1176486539904
11605088000
40693087512
465090286320
32913072
425054583400
1495481344
121709120
324450325
20790024948
3120480
67139648400
15295665000
4131689571
101026914855048
15474884880
672700
583000
5524587805968
2769250
8203812400
8370240710
880608961615680
56858779008
11480028
58899236656
22884730560
411049800
242622925776
1657897748
7480720
172093120
1073827608
14284285120
8426610185
2008975
3533587200
8510276160
1424380051500
23850
188569731504
406643572296
8062728133824
582633000
40715896
491520680
641300
254026276
6635502615
69540770
40056353568
73853613240
299582500
8852064
2525556640
324063675936
225722196
286666921944
13925646364
835477425
89960
1210000
17247699543840
676791460800
798475948
566555162250
8967931980
65764244
10123
28855361542392
88538632
30388271760
2951130312
1480602240
239442293376
38324225376
29484909650
13728891000
4491527040
19554080760
4309248528
27797564907840
95139937152
2677749360
149575063
10268557600
649109868
409598610256
2772297288
3728113757
845880
165732394896
450500
5385061440
6129575130
1177550
24671463704
534527420
528819840
264595342704
70793506
515050147500
172093120
80198978
1541201100
28426973283
15707832
58786000
12152875
12135721640
168367629248
377700050
24811400
3693346552
55937736576
171961665615
337286912
5826330
176
499333870
1473405900
112569600
2976361
2571533993490
1481844025200
114140670945
919664067
759706794
82544854
10937960
1676589600
2765956780
9299044880
4891874400
1579290700
2388750919632
286779587500
255890025729
7801200
3430289360
47747119700
36894492000
302427320
1029266784
146445977874
579711880
12328630510
46897418880
39820
9953596630
755780256
4124045940
2141068380
2592693432
108205156584
2574040225
951573187341
44949814
15440
51657816000
9382378063653
103994000
21157845984
964772886
3062515536
17816759580
1170280000
150180781821
54238080
1934360610
3040570987344
7946
778220380080
579711880
223600
20589328435
1910
4231649
46897418880
1999237380
3676100670
121960959120
1389433584
2875720640
328910752674
1082620
130
6712049768
201040799284080
2314778
27651160
21164376792
7157102400
36294525716
1459580953122
2086880
7707573972
12681816
137792050
2807490000
7035194100
26464695110
16762945470
118234072362
4491476500
4486449523
101411968
73396296
32555317563560
5030315514
22843
121925100
46897418880
3072550
838700
181805336080
72720000
33943177324
11090013305280
1878037100
2350169860
1048629120
4125703200
25715339934900
14117743200
5980823634240
20790024948
18759648180
20100215232
24398656
24937301699800
309566400
69657757386
156238265400
20156921184
204160672800
66702011585
2822171000
42719894856
48387311
2206354320
5980823634240
23852508808
17660148480
62177500
612957513
7093824
80169920
4293628640
364936855
505248576
5120683550
7089992591616
55227984
30242732
113129831360
246645300
14641621848
411049800
571555780
76968948252
778752
309578400
22552265585
138429611950
2645931720
276313165800
682941168
1913600
17792188128
73142500
9151535966400
4068481824
207722864448
3533184
30242732
778220380080
282989229120
9217900328
620032
10506017485
28215084
41690
611689818208
351780
958319076
3079233920
1082400
2071984200
527644000
4760967750
403140310
152423060400
2164583520
878496320
794076785580
132246471840
1843813620
33943177324
53191200044
9217900328
1967803200
24036425669256
394160
27897617208
13364
21366436430
5831616
187596481800
2575349712
63553451425
10664472
2269522200
2420
907966280
949250016
1878037100
1636766670
100095721719
1715354
619608731280
629503830270
8424192201984
393522550344
17505408024
190344826914
945400
4250545834
7511835464640
243535040
150808840
115844227200
80419580432
13676043680
14239967040
298046461155
4338269208
6483360
1048629120
406584325
644904
1766014848
915848
3508978102
109067544
26604830856240
177440115052200
71482216
32153
211560
8062728133824
42505458340
976329872
8252808
144085152
7155648
698252343360
59374155800
792137885
13753633071360
4850314062192
83870
621074124
18042850080
3689449200
18857746622
125379072
936702958464
45680918
9862720560
23747996412
4309248528
4058210
26504694720
102053016
784719187200
115870920
3804845899008
46325180
194201280
5568170400
414399792
2448998
4134636
17505408024
7598993168
987611185
5738310144
283359965700
703107340416
10205301600
11470560
63639040
32713087785
12643046915
8197065240
904949441928
3120519150
316677768
65688553600
1251936598568
505442336
7363474960
22800554343
6890
337298946021
964581356988
79232168607900
2206354320
6173434800
1428428512
445448920
11775500
636390400
809280160
127397606896
2080932118
11395
29811840
131
754921427295
475065360
12247356
273411926480
6965775738600
11238688062
2366403572
330402
3638904
69657757386
170413056
65326993430380
6670201158500
2925918
81132480
1100000
181056153096
405806120496
38862756
29216664070
11229960
661500770000
235464186300
7040
547614200
5192794640
512068355
117883584
239442293376
1315004200
62933009040
48918744
311610923712
2535515960208
1889014457925
130000
47530039494
9244112269392
2976600
129422713364
846142880
14648576480
28961262960
11360
14513600
621074124
64490400
1843813620
4535538957
259985000
3244823387850
1810560
2326156700
864191317680
7636794726
9079662800
810420
901064736
6109555920
23687
46229224650
69232348800
43210640088
4278880400
1317064320
6173434800
29310072
35310434880
22308315540
2599850
36978003699
5408809848
76367947260
421332841800
497904000
6364131057
5200
368944920
45252529
6205863258
37900
11050280640
640437308
158250730
18088600285
6568313528
45
2828750
382026130992
530951720
27797564907840
25256180040
570506825
24580400
50310250848
76018104153392
526001680
8207997732
1202846766
22695222
1087210
317840
58745730
1959229439244
403140310
131811732780000
206170195464
151649473404
34002327305
60394992
381229
184000
78012
11503627200
1804285008
654286644
76763808
324704000
136424131925
11702800
26464695110
10766939489280
9603115
399327864
4031403100
9196640670
516846
93680736
43488400
1670531456880
40746786864
1570464
232615670
475386046800
568675045785
23075184
1228116240
2807490
390264172880
20719842
662617368
8752442400
259985000
2150
208334650698
7760255637750
20482073010432
8053115952
64219259
146544563200
55808500
83234592
283324105854
8909705481096
11702800
1683676292480
490048
470779955828
575744
121000
136603807340
421474944
23839104210680
4568091800
38122900
1090310
351780
11605088000
10093
13676043680
81854136
2230831554
151993181375
137288910
3346362548
2619727035
32719204440
104012968314528
2363500
21901790988
1840
18769738
87069924864
607465984320
99335306
645511036830
2918835504
3467202336
17261460339396
329540750
27311658
52152
558613225
28335996570
4409628300
11268884380
1177550
10272631356
763679472600
11102300
4124045940
15462048
38543724193590
70939440
137792050
19590585
143098648704
736347496000
248556320064
1305643456
55042732790784
143098648704
4068481824
15775980
153320397888
4079984944
654286644
70640593920
15213640
10552506564
1279460
7707573972
11845470
235836689088
844708
63919630862736
354146
1125813592
1153085431680
34235456
52670282148
7489792
207480
2813972494410
2883730080
899600
363041801280
5874573
508544
50826798960
1436630
19925563241760
17825920
32742600
17247699543840
720611706905088
390264172880
4338269208
156448034586
2599850
6093056
65572843700
4144840196
236895732150
87524424
65090160720
15960000
17809113456
10635562080
768504
25125984275
6063200
79460
10186864900
3867477120
34677192132
5974299925
99436
125610210
74522111104
2169995
656885536
19590585
5937415580
142399670400
460352
703107340416
80198978
570506825
7810357557296000
16128360390
81319295575
145136
74250297495
52307496
945400
44122673691360
951916680
10620389736
474024524160
93628279428
23256840
874510
5596662344000
8344369124
7847191872
201942755700
6221061966
40264460082
629503830270
51739249
20719842
1235295600
236039952
310438810
4177460053053
267284277960
42551444500
846499910
2210487552
5862964900
8848569600
4185789300
692323488
597429992500
207722864448
4312475
9073624806
456809180
23854805500
11062833768
44949814
6943
4552983843408
271203037959
780120
2918835504
16783921704
2067965933418
425514445
57155578
232568400
7818864
16869204
529668728
36010273504
16984975808
13000
8327840
156409906536
80
323764211736
4079984944
48757500
1586933722500
6297600
2002358820
16364204636
5738920
35641782225
978649112
18400
4689741888
97427965440
565250000
2706
447108768288
1165997280624
9815138360
35641782225
6200320
36453198600
45050
1094633280
3390112700
1169480
534929
113343986280
282989229120
72067415112
18867680
4031403100
915153596640
12509628190290
11775500
99335306
91966406700
3957938820
33901127000
19363183488
2592693432
4250545834
78820001001
12654720
21022755091956
18805583010
34179912
4965079008
106972010
1906070588
7976995210800
740639562
700906300752
3019051152
5412000
31455592008
150180781821
4919252646240
175175360
25125984275
495859520
6108758712
26206332768
984269360
16305496560
63553451425
352
875244240
311352369
6088571580
922336352
75970679400
177951710187900
1042935696
56067892452
21366436430
664431352
620032
101868649
278
14982580860
184798850640
149387436
1432842840
522845580
268895500
1197574560
56803584600
91605
13013052829056
9010347415
63707648592
7751574376
917364496620
8957665
146485764800
1670531456880
77282101
2783139425
10506017485
121702103300
329130720
368944920
2398780
2833599657
733962960
2333810
28677958750
42551444500
215018760
280749000
55072368
5596662344000
81970652400
38023036128
70806323875
1036366280280
6509016072
159523215775
24256
330773795
5044885460
69223723362486
6877962000
232165440
32884391448
989560
842270
12294880
836400
594169592060
553106501584
5073500
3115658000
253500071616
1228116240
1009300
4504184916
568035846
7963280
1076693948928
56535714421704
9686496400
66193680
20975760261456
1176486539904
63553451425
3574395578
99426135354
1003607548
794600
421138
1487969700
325428293280
98605780
4318776
12192510
67907782800
668200
6752051200
929178800
62976
1479577550892
754921427295
20539746226
11187182130
4486449523
2160675915288
3134744788032
12170210330
97520
27203839152
269389780
5133843092
283324105854
6103244256
39218410
550723680
1438543840
4250545834
6911273905
92025123840
196780320
952300608
47538604680
62933009040
36453198600
85
6134256
399327864
22630827390
195540807600
558085000
56235181350
8458800
264595342704
24818750
226952220
2002358820
4031403100
686535012072
14806022400
1424380051500
174920846760
101420800
11141533712
258038560
88460332534
65171176
5124407184
379249344
61397440416
72887910480
2409814032
561140316
207198420
3847744297
44914765000
2854851648
89233262160
587457300
437398824
599115443472
84588
10472440
792321686079
7585531200
4619122144
385416
5776944624
22101
717415776
27501203874
72327125615976
32836594392
3930842466
16107080
20589328435
22389120
4611
72989552605
437566564
3219630605
55206
80603575200
10324307840
20589328435
66643102
30236861725
276257016
29188355040
46458651327660
4899375360
588417192
51206835500
198610376976
45680918
4681120
2354641863
998364953520
40960
8646928092
2438400
6291976200
266606722242
147340590
11033
421138
634585536
5874573
219544490880
27341192648
132723373906
7818864
60462953320
693603900
3224653666
87069924864
2925918
5705068250
15499029294
56126
6509016072
11708566324
32861696
8145903136
7760255637750
170853906696
9466704944
77637455344
2478284688
159649600
567016164
19100
1002309000
1861176517200
3430289360
15644803458600
307688320
149025827808
41242328712
376743897684
660654140256
6965352848850
2616120
5408809848
516846
597337884
846499910
11525307723
6142716576
3890003688
703417690
243023673384
45392124752
10663474332
238048254500
1064611
1781735904
3271920444000
66355026150
20018102650
555039320
2504214602
14771875
18885985230
66355026150
29606500925
1388935636704
267280
7692208
874060
1415624712
375273196
5712552960
41104980000
856455184
48539944
629760
14222281456944
6932180740000
18896143
48600459390
5805440
152423060400
4938029928
1286209144767456
33363703004310
128583097188
64
1733023355448
668905972
89661096
109379600
5620619900
81971370
24103038316
14982580860
17443928160
255815681310
3232483992
6173434800
1228116240
1093796000
38197104289344
3884778950
175468125
133596837500
2496474420
146770250
11229960
2525556640
46170
53990383970
928870400
27378642480
23501698600
12713600
45641206000
42113800
782045320
8060357520
4638794472
15254942922856
32555518
88226518464
8145903136
133635560508
1122963964
1804285008
4433640
640000
2360879276
5669516530
261310692334125
1032980
809730600
4812221284
110289402254
841074872925
431723160
3254282932800
9684528
295785050
10400600000
3273910267628
3095784
1718737200
14562084906600
504848144
4753860468
261634827168
894067812
48301749400
7672520232
10461811896
5165781600
113547062196
214969509300
25740402250
11000
8909705481096
20087
76242823520
181353199896
671746608
79646491532410
603150192792
823480
23804825450
37721460
28074900
2719831104
62410150
74181016
1122963964
2398780
89233262160
58856049980
6134256
1861176517200
210920256582
69360390
280625395556
2763131658
398976
2995825
13150042
7511835464640
194642580
4144840196
882760872
36497370
327192044400
15242306040
32836594392
13491099550656
92917880
42856260380
36894492000
30882390
69360390
5233
650901607200
63553451425
24811400
38543724193590
127607480
567016164
118234072362
50104080
52152
142813824
2840
19152829872
6504489136992
1166286
204846760
99426135354
110841
171873720
21548635680
7681635297
9296234670
93352400
45333648
9317037600
75471825312
267284277960
59292065289
103219
6118266000
1459580953122
239442293376
261715586184
2645931720
151264000
69769818300
8525637844
1216800
187803710
11087359920
258038560
104006000
69540770
61734348000
1434407450112
68636040
69841425
21548969225
5520600
1971513844
13432
3498897500
76421505300
12376520
780359
781981096
66261736800
25923
117028
542241030672
52284558
4512767280
4374877262
289664
67907782800
131500420
727200
560419340
39273801600
1198218676998
740520
100095721719
295785050
1820029366584
15964960
1181163604
450047336
160009711056
960893972
250992515268
37959562
6541891200
100230900
532959130
379595620
95349296
55937736576
50735000
778865576400912
29216664070
30491123364
1737758610432
121680
549675413400
23546418630
19228565
4828113693
5053512688
20753
787375116
2731165800
523074960
318645030
469159392
328731652
48896210
20152914775
2300100
22820273000
515200
100168584080
1158442272
90796628
153982632960
356417822250
715308048000
29508619976
100997210790
2688955
767252023200
48742195551
1108735992
5288414463
3733910208
4306422568
10272631356
577833120
181040
1108735992
23839104210680
50104080
243431760
15896594538
263889120
7999200
2833599657
15869337225
4979040
984
33788320
27775806982
12737250240
4564120600
35785895279904
128730800
30957840
30625155360
22068027660
20294000
47678800
45
5817119280
134871328800
2848417190300
26464695110
1357267392
22648030938
22424970766
26632452
3931593848
740788815528
9159035200
4564120600
1228116240
83451153912
22665344
143098648704
3172522150
13471009886
7999896320
8054032866
83567747340
88460332534
50103423540
7963280
536768
143284284000
63083823903072
32861696
157929070
550723680
8303976792
3244823387850
465810
25740402250
9842
671396484
43847888
311610923712
7482403896
67270
16301675520
143502720
272976578175
491520680
6554189670
401164031616
2935057840
21535975650
274666784056
48883826656
24811400
841074872925
11991217250
25122042
52446680
19881854808
19925563241760
1144000
1750189266
168367629248
32269429374
32897002428
62024840
273116580
687796200
29958250
78860553760
4250545834
53452742
5644338856
8399799699731
26072039025072
1023262725240
36344220
4859150400
81132480
19715138440
4291572180
841074872925
8525637844
350826504
97780984
2434317600
318992978304
185711200
818541360
1209937248
58786000
22332098448
5309517200
183725523366
7360039420272
480902114718
803142324077184
1554262720
415901169216
1887971283198
11083776
4483164
35118720504
76725202320
15052
5182392152
280285966539
501034235400
72598949
3890003688
8510276160
51206835500
119912172500
116936778960
45648066024
6945280760
327399710
5124407184
176601484800
14641621848
299582500
8092340
2918835504
351681638595
12241625184686352
8344369124
5801556384
565250
868660
198226745
239442293376
239442293376
6575088
10568
147334440
838700
16530301074672
329344878720
2426722393788
119257766620
73829028255840
1822489956
75940670520
48896210
2185843421736
4947677200
3195075625
4891874400
62128693344
4213328418
8464999100
1784684002
22630827390
335480
15960
81485
368311840
35785895279904
12285727281
121680000
38635782484
2420
7642150530
801989780
672700
272976578175
400650966144
211560
6626173680
5586132250
452600
77282101
13224647184
66974287380
83700720
646203030
34235456
1657561464
6976981830
15340465134
94925001600
25269764
2153597565
14647236828
4291572180
1315004200
3574395578
53492900
414558712
46897418880
164641120
278274791704
44544892
90499224816
135760437904
299935746
3293817500
6142716576
82038124000
10824000
133848000
60516092
884856960
692323488
609902640
403551360
550723680
3541460
150941440
2409814032
434802057200
56481040
2832995326
127607480
403720
84588
10656800
50735
156448034586
22695222
197897241024
4611
521276184
1073827608
62340
2814044116
583161600
1300
5250467768
17660148480
24647782248
524786724
878496320
23621445256
3854160
21501876
10506017485
526370136
325687930932
747406836
505248576
4905411292080
265420104600
45260
23635
9109307160
1232612520
1216800
4211380
7405200
169339008125
6388584
405806120496
7350200
1495750630
3924756
100930000
1810561530960
2677749360
117760
55808500
200255213
74244352
4965079008
44451100
21262046000
3389409
394916500
547614200
5669516530
624101500
67895611
922570
100689871594
83640
61608040
3539427840
26728427796
823480
413600204108
1451360000
31184140
27916557564
1252655
208400100480
150941440
56858779008
720523056
70007570640
5085440
351120
4110498000
3530823120
667167380870
2363500
9010647360
913293937710
27122481540
617343480
623400
1009972107900
414558712
644904
21366436430
21501876
4505
11102300
145136000
132723373906
75940670520
5801556384
550723680
6747544188
10554289920
14620640
486004593900
14431743296
3394263842424
715710240
209562
1564480345860
1678965344496
1878037100
257404022500
14812
119757456
49190388588
18984744317
1647567469548
553106501584
211100472
1464857648
835610374389
56525
1873427358528
3467202336
7572035392
53814061000
27418207180
608857158
64235136
26989066485
5491556400
118652384928
123784549380
53254080
111130635200
1878037100
930273600
508498900
1721430364368
4464912400
14542592400
634585536
3934950656
90106473600
286601337944
144154504536
377700050
528819840
20107923552
9697987520
14957506300
29484909650
4065843250
228895128
5073500
336398693904
43100
34677192132
4255144450
17816759580
540613120
38956060
400832640
6606016
9382378063653
7050046608
7636794726
246645300
5970394789920
2019427557
48301749400
3598467383
801989780
32719204440
13753633071360
32254820
5010342354
8848569600
13937573384
78188640
4931094
712447068816
29023552600
8957665
6202484
12773145946
6659
83870000
2516790480
74116672
3927380160
6088896537240
6103244256
1899808898
881311541101992
4778836178688
8370072
13817527744
2185843421736
1076693948928
82038124000
5270108
80108681715
2892837696
25256180040
8203812400
9953596630
33358563378
70341769
23001000
712447068816
22939032025
20522827512
2363500
8510276160
349889484
1069720100
2663245200
2962080
1232612520
485915040
23256840
122465200
1827236720
1026248724864
995410
3346362548
212620460
28221710
93598786944
4453584
45384661080
17792188128
446491240
32399782272
1112300758800
1636766670
20171101080
61734348000
453685145760
5084989000
306280
57050682500
236350000
56481040
157656586
15474884880
134871328800
4993338700
3412943450
6200320
6449040
3337728
14300
567303264
69199103168
4978600
224810265519
21857443482
32607500
156361642272
29598119760
386454207744
32269429374
6747544188
2296266100
341615383200
840959824626
95139937152
13700
60499866336
4710200
152423060400
6313891600
1490302561500
18103536
253500071616
37816000
2029400
5264771218
30236861725
1596
47733738
62976
190640774016
61491138480
84560793372
236895732150
70451136
5864174390
26855859360
57676443648
236350
9178752
40355136
159588
2311332480
25172263040904
534929
204160672800
1435236432896
864191317680
8426610185
552060
1179935777400
133857754212
14647236828
728113746096
11021585676
2646946420
4300021440
4740751750
841074872925
42319225244
1160068
15052
3416153832
4406
121146331944
13995590000
2575349712
90499224816
258015194976
5044885460
60327691
397260480
30446402
7427054448
1718737200
3788557448
29799407664
278559097272
663550261500
47964869000
30067072992
909944020830
79643473140
663550261500
778752
6085872144
375685482969
149030256150
5073500
2285779848
2822171000
365516
1629871474560
351681638595
722349600
17593414014
140246438500
521276184
21644097192
68779620000
3532084406
32445032500
22607899566
2879103312
20194275570
130000
122811624
4338269208
228975880
12100000
1330054960080
3134744788032
12643046915
250421460200
6744142600
1112300758800
5922408960
71571024
1861176517200
5016663660
9577207557
114140670945
11000
72989552605
5672418804
2488610965302
6877962000
407467868640
8882640676
2250146540
262144
280274515200
3733910208
16825231500
291883550400
55620600
1803205
929904488
645952
1822489956
2840
14620640
115325065600
538506144
4486449523
448075404
249360
899600
640
3062515536
8743612527
1087709858136
3777000500
6395631000
6347145168
116689344
1297880859126285
164148600
3222668108781
124249913530
93170376
2959
621369606660
619884024
77014080
28555082762184
66207134
396655756452
4938029928
171321651576
685800990384
61397440416
43281192500
119438
684802372
8213765823
136646153280
8213765823
1717188460416
209583880712
38244471027
408447536640
180973195
16128360390
89062772832
30236861725
93598786944
32913072
66702011585
36453198600
141157074240
400650966144
16087019376
28221710
13000
3337728
2525618004
44981605461
73853613240
2532855581400
841782404
175173494496
115352521648
403720
11702800
593741558000
9475854336
2875906800
72887910480
740639562
65764244
756490984
3596359600
100230900
37900
118234072362
22827855226176
462292246500
89960
640
3224653666
190589550
27283454640
4241703123
6936039000
58745730
41936118
24647782248
9060508884
7569132672
1232612520
501666366
119757456
8743612527
28338422640
83837520
20815114848
9541922200
10908025
10496720
8807425860
556817040
14513600
27329845239774
41936118
387335743572096
931703760
1210000
110288338063488
556328654220
11000
1209937248
5475740120
1745110224
609902640
997125636
1235051034360
46325180
1123640424
747551485296
85905355536
3596359600
979918720144
61176976225596
784719187200
565164139596
29993574600
5974299925
9304680
261634827168
25316903040
62410150
237496623200
18571120
41
324704000
10554289920
6814904150964
25388250316
1996929600
1411519956
4338269208
936997768
1876741452189
53248754592
2822171
456529760
4071589600
55006544
1098151626
456809180
6308125
45104463648
3088917703872
1188501215
254026276
619883352
1040
236039952
1820326200
20242828320
3793264272
8848569600
724031574
184798850640
122811624
67345508622
2321654400
88400
353082312
182032620
16599296736
29188355040
24343176
13384800
12168
9668692800
567303264
65418912
7820453200
372834990
818541360
856314360
474075175
8848569600
34737205251
229626610
3000239594352
1338480
606775400
109463328
2558321500
44122673691360
1052783888
1085687828
2029400
68779620000
329130720
146770250
5673032640
629197620
12588063790
49660881704
9185064400
95627105424
35118720504
1051229200
34534101
944288257740
46229224650
58842190
325115568
5778331200
35414600
11550864
417
5068093451400
7155648
8646928092
468942035
14903025615
2403728432
41655588
72720
46225
2575349712
6160804
1435236432896
34677192132
122279911677959904
754921427295
4548955705560
357619841964
8054032866
4312475
23559083
995359663000
41273856
14300
7205277024
1199121725
10093000
630549
18081492
986903471512
3256879309320
124796018739
283144424750
350826504
98420000
44544892
26197270350
4328119250
5168560
447108768288
127066997400
8426610185
13817527744
644932263528
268681967884
13695552784
6656101375
538506144
2571533993490
107029660521
6217750
75706711136
10205301600
1683676292480
60516092
11238738784
57817547466
57783312
714822160
1183601217744
3346362548
217088
933524000
526370136
179679360
180618944
794783655120
176764458168
6890
10554289920
415901169216
797279313
454809960
79460
13359683750
1750189266
285214523300
1305643456
2441937988
6789561100
2558156813100
2055766584564
209770757460
3040570987344
381229
19152829872
2019427557
12100
4074678686400
522500
3232483992
526571996
13052081955
4309248528
2101116240
114711835000
337
65418912
6084252200
141157074240
19464258
66150077000
6450583360
26386580
4006509661440
147181861992
300638196612
23511532248
112569600
16305496560
22607899566
645952
356531
1744392816
297660
634585536
173065774860
3896250
7339629600
1006356204
272925400
3247040
4095951353
27329845239774
3861959904
2935057840
135568035
30236861725
6717328689750
22648030938
24693739200
1208429380179
2999357460
19341653315
69223723362486
25581568131
421236072088335
1170280
6890
27631316580
19554080760
3232483992
20087
146445977874
6265287525
44786872840920
682273240
12643046915
1304793810
917364496620
44649124
114711835000
6202484
971494590
12172556320
1454259240
55937736576
130
26632452
102961609000
80091
223234000
116981623560
1406077568
1151789576
48063626
1006356204
21422975
870
355437773728
27292540
16888186590
66643102
66390715
9931512
404242401816
23804825450
13224647184
3931593848
10741434290496
1251936598568
269080
74181016
3200934576
30957840
190487104
58316160
587457300
124796018739
14300
109067544
56235181350
20152914775
2919789600
672136248
34063300615740
10099721079
532629784692
99426135354
3292660800
239442293376
72234960
886328624
3197367623
2041606728
21609363347
6173434800
787247356
351780
4071589600
35388178464
22424970766
24865447776
470779955828
26952832
571237877232
54709778030
47756431008
53749
528819840
175018926600
1423996704
25796160
13746
26989066485
1355823110943
5216260
100930
513279984
5480912320
27501203874
396
610111488
17809113456
47407517500
404750120478
1235051034360
53095172
37770005000
84360144960
1018686490
1610842800
92990448800
210644584960
96979875200
8696057256
1144000
14318284568500
31709375
16900
5736720
26903733565632
11440000
70939759968
1481844025200
187023590
3910970083716
64490400
26215728
31204240
177026001201
185711200
14024643850
126570557151
43201181760
113759539050
330273027788
68882372
400650966144
23953685184
8740600
5581660103136
19355869368
550723680
26932243914
47747119700
68636040
736347496000
3200934576
11322349632
22897588000
171961665615
987611185
165732394896
2756088
9021390000
743306124050
608425220
6727
5408809848
880608961615680
18941275673344
984200
124796018739
117755
9783072
266324520
6347145168
682941168
577833120
4081746240
1153250656
191051231976
2041606728
25583215000
449147650
4144840196
952300608
31950756250
379249344
981513836
6449040
301905115200
16765896000
10461811896
445977196
18469422192
3867477120
31990903515
89082760932
197178556608
2011856786
6682
4752038088
9291788000
735020
7405200
126570557151
931703760
118652384928
53452742
3728113757
32719204440
5672418804
36497370
58015563840
71481804264
6141158760
37390230075264
86748633510
31709375
14903025615
36693144864
255999271820
2764056
8195584584
1118718213
34737205251
155073654
512440718400
4953536400
9953596630
819387040
27631316580
4638794472
12643046915
15295665000
32719204440
1487969700
631389160
45333648
17261460339396
71083754280
147334440
245014890645
513279984
4110498000
3004282380
66820
332328254544
385416
31864503000
3788557448
581790
441961287600
765700
17955670076190
11584422720
174920846760
15432080
316281990
33716115784
3334747386
13235120
2250146540
263889120
54191210112
581790
136603807340
14641621848
75449452
17965906000
25877796
149575063
2474750971044
2544653239890384
787375116
12643046915
2366403572
896793198
621369606660
62919762
57378860
351780
14239967040
790095065760
45384661080
7276312230
150509343600
219135708
142842851200
4979040
96686928
23987800
497860
13559103950
787121280
3244503250
127066997400
4291572180
29606500925
4912464960
1055428992
10233286000
5782796652
40658432500
1032980
100015024115
67441426
1493874360
13143504
23747996412
998364953520
4095951353
3508978102
1090897122
1043963248
403897583607
593741558000
157747133
3152800040040
4213328418
565250
512440718400
12051398304
20107923552
2867795875
14370228853760
8722480
78471918720
30601
7640188740408
13150042
7157102400
2242230
2385480550
36453198600
39273801600
1773563724702
81306576
45104463648
6347145168
164148600
348479664
48591504
208093211800
31043881000
127920
9186303060
2119140003960
4328119250
1205856512
1370
8923484350144
3062515536
22552265585
222958382280
884856960
1889014457925
319507562500
53095172
60327691
14159124406
1151789576
393680
1453164980540
3691861141458
605121630568
4830174940
1347209160
257153399349
292591800
128735931355200
339200
3617600
408148272
1581840
76922080
26950441700
56251720554120
137288910
7108375428
159523215775
26328000795096
5507236800
10075520
79460000
6205863258
7605000
44349439680
64042714008
9178752
107029660521
10762952640
8185413600
2311332480
1875964818
7272000
13070453387640
55631905000
100
55937736576
1718737200
51505014750
6923234880
76763808
40582100
894067812
10729717845
6400
4074678686400
415901169216
146485764800
790118456
6347145168
4491476500
8114772
2289758800
28484171903
24390653742
23546418630
884856960
17660148480
3759790320
676500
2814044116
631389160
4096
44451100
28484171903
819706524
507350
62340
38541600
9953596630
2828750
33363703004310
89099401248
4966250
25125984275
64735216
748132493472
2929569720
27646178
33141345336
239878
512686872544
5182392152
1657897748
1183601217744
160870193760
666431020
1670531456880
21785639400
1066347433200
530951720
2496474420
666431020
1708390
6877962000
6236512560
1042935696
2525618004
43201181760
21508513
4753860468
32742600
6467929156
18804751680
100930
7927478339
252561800400
158992645
65171176
106972010
1385656968630
61491138480
5827635010890
7672520232
10747611072
25161020
2080932118
60842522
49898058289800
2325684000
565164139596
1509661110859
100095721719
2202894720
3430966448
28555082762184
6419437061184
96864964
56081064
64546519275
98420
3574395578
396478160
9684528
987519129630
813065760
292897440
489187440
806591219616
40582100
2385480550
736422971544
180618944
22837345112
316281990
12336560
343028936000
148796970
128120381918592
27770162640
3291307200
363041801280
134808
3339008
20468860
1300
5010342354
1315483911339776
1055428992
51244071840
1321060608
341294345
9129588336
64514548496
1032980
25042146020
7050046608
223234000
1043963248
10123
19678032
23621445256
27213592
697698183
5520600
176601484800
747551485296
6099026400
414399792
51244071840
191
170413056
26903733565632
4185789300
2218125853944
2800876410
181056153096
8130657600
73634749600
179679360
3793264272
3861959904
747406836
291978960
9492500160
46786326216
590501286736
312754560
5805440
3062515536
75855312
5580850
799920
61968384
46325180
12971500548
14771875
52764400
764215053
2999357460
1563480
17967597310
485915040
9109307160
966869280
12051398304
3578599080
935681230
89800366
23804825450
1188501215
1270669974
4752038088
931703760
3335178456
10747611072
56481040
24693739200
357619841964
379394784
25972544
136223
41935190
1110230
221497292016
689122062720
88538632
11708566324
60361035
1779517101879
208987406892
6671283840
2853864774
77155660
173184
359015
769220800
2868360
7363474960
49190388588
8169829406424
145904
46635904
44769524
101163047370
5563190500
4993338700
7148221600
8252808
8387
413900694900
50927380516
583000
1447517874
6626173680
11606112
47964869000
111023000
2285779848
29259180
2107302912
9924560
544755568032
10472440
93598786944
4454489200
115508640
140246438500
122683234
11845470
448075404
8683038
758553120
61750
1108410000
19554080760
661500770000
3586443840
282150840
180111360
18780371000
9073624806
620460216
60990264
6814904150964
32470400
3598467383
558085000
267050240
2918835504
102125
14734059000
4938029928
3927380160
67345508622
649871608722
14938743600
1040060000
4974439232
8885924880
929904488
5168289186
803835648
287829111752
14024643850
6949280
39620228720688
12873080
412404594
20299876003
3995375706672
9304680
32470400
6721362480
71482216
13937573384
1717188460416
180025
47756431008
407467868640
5776944624
5228455800
167658960
170021833360
13000
58763007576
46130026240
333630011490
928870400
102144
806035752
7630249302
146931756264
529668728
5864174390
4486449523
2558321500
2796513200
7193
880742586
641300
1133767264
20815114848
23635000
1808149200
1029266784
20388324528
4445110
97427965440
11503627200
238765
922570
4707040
1793042597808
654189120
3854160
835477425
71481804264
1972611837768
26050596040
121146331944
9688
28759068000
841074872925
235836689088
330402
884856960
16984975808
61355028
4058210
7757201232
851027616
6459520
22332098448
329130720
279315724
652015490112
3119370648940
19363183488
1202846766
1406077568
117883584
566555162250
899600
882444506832
28335996570
90710000
25998500
6509016072
20152914775
710837542800
2232033544
103413440
9299810625
80973060
35584013652
6509016072
919664067
1446023095920
18088600285
15242306040
28677958750
4309248528
101163047370
119912172500
445977196
41273856
6877962000
65572843700
569752020600
2600179088232
41690
1151442088170
5225000
1199433851670
798475948
3671752
5217200
318645030
20809321180
22962661000
2435467612343724
45666022736896
792321686079
848709537
14648576480
6965352848850
119054440
3689449200
2011856786
904949441928
765700
324704000
93247539840
18759648180
2106445849600
393522550344
115352521648
73791888372
701795952
998364953520
4619122144
69685784
1017795076480
60111272
157929070
190607058800
2763131658
49270043751
273116580
40056353568
1082620
11
34655582
4278880400
566479718
4707040
1658663030178
108205156584
118234072362
5356521534000
1100
212620460
171321651576
412404594
7630249302
636390400
87406000
444511
12706699740
3790
7034176900
4947677200
904777824
372834990
89960000
18931392480
239878
857905
69890681709
6072660
110000
9129588336
202400
735020
8263840
405821
714822160
788200010010
17090489680
72598949
20539746226
263250103664
7803777436
76570
244144176
18805583010
3186450300
2453032032
18593804712
8060357520
833969732
6877962000
5124407184
148545493056
2421088654
623400
5705068250
562351813500
142780466400
1446504620
400832640
34209305037
3304020
3930842466
18109280
30895455326736
6470719056
10824000
19822674500
168692040
38373673422
2153597565
3693346552
228975880
19420128
452600
106634743320
111871821300
552060
17511306
5604193400
7847191872
20388324528
1015205410303728
149387436
6400
287590680
17059
21901790988
143502720
1428428512
3467202336
95627105424
67345508622
187803710
118186992
165673747180032
80436287895768
11845470
64219259
308823900
210920256582
158778725
723098592
4338269208
60523067696
11354090
54088098480
89661096
159264471245880
49270
99535966300
846142880
46786326216
4638794472
3162819900
1139599428
3598467383
42319225244
290880
8786490240
209126960
1026248724864
2688955
259985
28400
649109868
285214523300
28215084
3911239360
376743897684
93598786944
34534101
10496720
41346360
4860045939
3676100670
405821
84649991
98127831984
5349290
24666624
282217100
678956110
370722
190487104
41346360
2620100736
38024367500
10697201000
6327956481330
56251720554120
69890681709
191586343725
410833441928
62177500
4859150400
14635054
88074258600
49535364
26386580
9185064400
780120
3207722587888
126547200
5288198400
9109307160
151264000
266606722242
9729490316
7946000
55861322500
7223496
12170210330
4812221284
4070042064
11087359920
339011270
841074872925
331134987456
17967597310
31118499909
499333870
2119140003960
48063626
38847789500
91515359664
3905623323280
9729490316
7225
49535364
2261000
21110047200
2323938064
45260000
10075520
7403715433464
4170
8996
1090996216128
686511650
4250545834
32713087785
248531015430
1100
108649
37885574480
12170210330
58856049980
5030315514
801989780
12328630510
14431743296
788623941
98151383600
619608731280
25125984275
2123806880
1082051565840
7564909840
6067754
1082400
755780256
4689741888
229769600
1186623360
85102761600
220015594656
2765116
283361472644
1910
928870400
48928517352
49933387000
57155578
1259039310505536
106568000
12192510
13866645839904
1321060608
45853523280
187596481800
21785639400
52884144630
11084100
7272
944773760
2918835504
354146
48621234816
5424496308
77875200
10278406944
100689871594
21785639400
18373337928
68882372
1375493349789
2821911141000
161084280
9216723040
15242306040
267050240
503031551400
4526
1946425800
371503790460
320590371339
239200
4966250
1069720100
48281136930
34302893600
15242306040
5288414463
142842851200
6943
8464999100
134808
4804625
158992645
132246471840
7999896320
4796458915248
10697201000
2951130312
258015194976
67139648400
19468800
65215272096
5178201600
2772297288
5349290
620554015172
27139622815
42719894856
71481804264
964772886
63553451425
11636796208
52307496
181056153096
406643572296
77014080
176
10498
41240459400
51745483216
133857754212
12135721640
3416153832
33040200
7482403896
3166777680
9284294080
2481140
14806022400
2995825
32884391448
66820000
215359756500
15869337225
2360879276
12971500548
958319076
23632870350
306370731096
559282847892
215018760
790095065760
151264000
8185413600
413600204108
75706711136
53336878812
67213624800
104006000
1686920400
2806253955560
22843
127920
13894773048
1158944710
5659184840
1331000
121000
5801556384
53438735000
1020530160
819706524
1233085220
2786310295440
320590371339
620248400
6265287525
201043006416
328910752674
48883826656
2149695093
35963596
2592693432
5168289186
27378642480
4163942616
44914765000
12170210330
46130026240
733962960
806035752
17187372000
19660827200
20482734200
1773563724702
8360598049
255890025729
636413105700
108240
188569731504
1112300758800
4374877262
3029245634
240383564721
2067965933418
72756329905812
314683025740
787247356
27139622815
560419340
588417192
813065760
3910970083716
151993181375
5408809848
1677806592
489894240
93247539840
1141506912
14243800515
3890003688
7348250
32855493972
110289402254
215
73396296
1213347520
9862720560
5399038397
1051221183870
568035846
2385480550
34340176728
5937415580
287720
21535975650
764215053
641300
550723680
2107302912
6247829952
49284937864
1447196800
28400
105260457840
112886840
32855493972
1438643
5586132250
8752442400
16286624640
19983040
894526256
110289402254
148448430
2321654400
8060357520
2875906800
690982794
76980848
542491040
1108410
610111488
740520
612957513
1343871809594496
95204
70806323875
1153250656
719300
46282500
401458032
181056153096
16888186590
52995106050
10727200
145425924
929178800
626528752500
29484909650
442251563572
2421088654
2365206360
1111306352
16125612400
745627407
1179935777400
508521471150
2883730080
15242306040
55218978880
5182392152
41242328712
61176976225596
49790400
495353640
27418207180
1322464718400
15160
4622922465
50303155140
1006633135
180814920
352376850
6247829952
28547775
534002560
14879697
1906070588
8145720
337298946021
508498900
171321651576
4255144450
2441937988
15126400
18885985230
262403692440
3890003688
6502211402
138175277440
2317567727904
5296687280
797279313
2765116
14879697
159649600
2802745152
113933839929
379
4031403100
40065096614400
2547372178
7241600
263645279296
142399670400
1210000
5399038397
8207997732
794600
1290188328
11532506560
1750219020
875244240
3793264272
297660
696952226
90710000
21548969225
310438810
7801200
119912172500
1416606673188
1284474483875
248531015430
204846760
639563100
5480912320
28540825632
3088239000
21496950930
842578339840
70451136
12681816
4293628640
208012068
7564909840
1215233251244
76570000
79232168607900
603150192792
19027795
815295096
820381240000
613893500
285386477400
1259394048
984200
151993181375
137792050
5568170400
12328630510
799424504130
28351237
2904
9317037600
56419349
2111004720
1259440
976329872
295136774064
848709537
15539115800
3620
50826798960
286779587500
280651090927200
758553120
2150187600
1529566500
17090489680
25740402250
5512318000
34302893600
349889750
1142105664
4177460053053
856930040208
2949022300
9060508884
22939032025
34988975000
7585531200
327399710
176353202256
61560556996
634585536
34161538320
16762945470
4306422568
935090
3475360716100
17660148480
15757318374
2488610965302
1118718213
413463600
4110498000
28062539555600
48539944
13385652
7077912
27292540
15896594538
80973060
15964960
63641310570
6712049768
452600
1111306352
106403871
9668692800
521720
118234072362
129422713364
2157942488
860075040
271593580752
64000
21366436430
238548055
491925264624
16125612400
5068093451400
97780984
1199121725
4689741888
33059598495
58763007576
20482734200
7692208
2202894720
5652500
822211264
32926608
12328630510
4526000
8581320
607465984320
805467960
27122481540
655418967
87153248
6099026400
109379600
78188640
92990448800
27139622815
115155552
75360194
46693414548
4177460053053
489717200
5524587805968
81854136
16148800
135092287440
704000
121960959120
22897588000
23725892624
1888598523
34243672320
122473560
497860
1076693948928
60111272
5255832024
23075184
15462048
430893304
3924756
754494520
2847552610
136424131925
850000
364936855
2719896312
406584325
56535714421704
6877962000
284
88485696
55808500
51505014750
547574012
170006555
1063069
966869280
482811369300
1116170
240383564721
295785050
287590680
150509343600
462291440
150808840
10268557600
3539427840
65090160720
772821010
7572035392
6713964840
18941275673344
6247829952
58184076456
458535232800
468974188800
807033321
528841446300
64042714008
84558839040
47964869000
67895611
14243800515
1479577550892
727200
182962240
3361495370688
7534488
6996080
923542497570
7681635297
4310
5738310144
1734117835320
76570
62933009040
232165440
5780579832
144154504536
142813824
60677540
2814044116
83567747340
1932019525800
54061312
51001986336
577833120
1045745086155264
18769
34302893600
62699270364
5120683550
468974188800
356531
52035872256
854803100670
1718737200
2202894720
2720874144
8130657600
3728113757
16957716422400
87524424
516578160
106568000
30105899838
53336878812
