6680696
1059790
1671481400
498888000
101792610
32351326
39
24
8094914
45630
798680
18212403
100420
2270970
726660
80900
407239
115226400
556080
17027450
87990700
634920
91758000
694682670
2515260
661960
2539680
1924
13689000
4307534
108781
14449500
28638120
100420
15210
3306532320
405405000
529040820
1598618320
2380785
33558158
100298
767298300
8728961
12757472
47798058
2280
376748100
92496030
2303275
37986
15293000
576008
97020
1278830500
2200080
2558400
32134032
40939371
1034776600
522184
3806880
67385090
1029857
72684040
108874100
132104
1896523200
69468267
12511785
51439
22709700
116786172
9523800
7316419
235800
208693500
21820500
37567122
19065438
87710560
13325312
1248390
253138704
127883050
80900
307706464
119
13612000
13686648
106821000
7853360
5548400
12141080
84895200
6055920
174992950
730704
23
176294
423280
123200
137498400
82466340
17030
14720160
11960300
54526864
56
1529300
132220920
16353210
180867700
583598670720
63
187283300
27
333379280
151410
1473
7316419
52650
20698596
104171200
13560
73164190
7622628000
16440840
569885270
863203
73758
814
576285000
3339440
2307102
2852144500
988
391638
5581598
3991647
184002
241472
38329200
23741450
1275940
1092828
833569
146589000
489
39211298
1139580
9867594
1772133
2187536
2852144500
1579974
1911
55473130
48940
64220
3441360
27274932
8330400
9044600
2094300
180180
15087850
58950
71200
205500
87289610
91576380
6455680
13689000
22709700
2892240
25013284260
1248390
127043800
3991647
12730
1212906240
47726
677121
2993102
17
13309437
11446448
148941000
3800
1489410
38329200
123426
390
461188
102637161
3375650
201175520
65856364
8410284480
193400
5143900
1327880
25
54526864
33592160
84
493740
5547313
7266600
9603360
572130
1853545200
260566
43769700
3359216
55449680
982504380
14149200
96193656
1617850
505641240
39211298
498888000
3800
62377
589500
438666
63
14993484
26206980
21820500
8447824
315818
35103915
1632600
47378156
18894315
21917480
160912
4900
34496
43726424
564720
117000
2638825800
1444
8749400
778789
386876000
733795440
25930320
185320
2297680
5818800
20728026
5293215720
3375650
10670
12141080
347293336
450
12481392
7786640
19664271
438275
35370
113466600
3177064800
13271610
91962000
952380
767298300
3614520
89617320
5838400
78600
31551
61097400
331891560
87990700
337364400
15916200
176631
438
4135040
11418176
4595332
24890
231182
148941
10000888440192
1004200
22472944
347089600
1199022
47476
94458520
86716760
42640
3078
362802180
2028
97390300
4680949
7320
3235132600
49888800
598769496
2061332
653244600
5978
440150830
4300
1772133
591205
384978
12320000
6878
11853270
84198741
743182
72735
3868760
8468395
4620135
1361200
51090
732000
1456752
52568532
42462
283080
64111400
123200
2519860
76940600
13278800
283668
335993
8200
14414400
9653028
5838400
8090
79523600
22792
353
34888
194100
73200
831100
29400
194100
662903
4998
748660
163800
1362205
4214900
17027450
239806
498660
24842730
9723870
765073
20637238620
14578620
1533350
3831297180
2674828
27045
6180580
36000
164408400
10349449
6088731
1518110
2997972
457551640
18408120
1229173000
1162334
15499356
223535
289
3959246
60515
1655214
133094370
15865410
1789281000
81959790
128294760
12926548140
35607
1216609
237110
384978
31980
22709700
45564747500
346500
522129
375090144
109955610
67240000
8771056
7956
380453788
11537304
3840452
45953320
1381992
234000
180867700
33791296
1677508
786000
393290092
35237897475
11012040
128967630
2830800
187283300
224
5944
231816
10417120
7120
371605080
75632710
1170
94920
12483900
321390160
303596800
61097400
8580
17650038
4595332
100
28833959
335695360
9653028
30012630
82344400
21393840
88542740
2548
913
1005680
80
9139042
913266
880844000
7563271
11057343
4556474750
34638330
833040
1134666000
162
6260441
2585568
1232
254488
9167033
5725980
260566
31160
1066340
64556800
205709500
9594000
11522640
115226400
2443150
9907885010
100373
34
37663013520
22960
12350
83304000
245854440
145786200
5268120
3067620
7536465
49
57139698
6976965
38
798680
684061040
4920580
438666
889262
34888
4894
18650
68857994
7952
9383
526812
1064
120510
14225129589
3800
153270000
31091451
18
91273100
71182800
1442100
31608720
33592160
48821840
4556474750
9157638
13689000
55608000
681502000
1682268952
169715
60660132
11752
4032180
12829476
127300
10438600
132788000
47180000
52283
48940
413504
600
477980580
19
34650
6765154
52218400
2539680
19664271
39000
1196030
8307420
101735502
407866212
222992
1199968
548713
4041
93830
79520
67106520
109955610
58950
64339231
1007039
15293000
2830800
667480
5917432
186500
15039262
1207860
1862
159516240
41613
6500560
1989955
53552564
4900
5520060
877105600
55858400
10978110
287043120
24842730
98307768
14720160
23759505
39
787030
10316900
352717223
144493000
2046
295680
431985840
432172
8869
161736240
756990
575848
60441368
487916
1185327000
2663592
1966427100
1444950
4087200
4928
1333948770
2184595300
370120
188943150
2138706000
15436574343
38687600
247639236
2393820
167320
148420
3767481
1992804
11798164
123200
12329720
10860
1482
3508736
370561989512
7120
4799872
102391520
906376
7952360000
64720
79523600
43842240
27056
12738269700
6006014
17499295
19899550
1074322
9867594
6035242
31742900
44460
487916
1677720
123455540
2114235200
83463
4742154150
938300
641267
2003383000
29876
19914048
5844000
70870
687704880
188943150
118532700
2848560
15327000
2941294
36000
187200
161316510
3689433
188238180
3395034
5268120
45391500
211770
1570269
149934840
70870
1489410
4539150
100932
820
952380
3951090
6520640
12483900
2303275
647200
74100
391896180
2533800
5248464
107420000
43
224210844
2961728
24711969568
13233376
688548
439286848
1232000
5818800
6815020
1101204000
514390
12896763
3798600
25320
6578605800
11809044000
80561712
48374
57447
34782250
490000
6619600
3331328
1273
210129920
37986
48048
1550001500
3175752
408901200
48501440
57356
1134666000
1009320
21820500
196642710
75136360
139897294051200
4376970
34964800
5762850
183309
1854000
290243096
95109
73920
10663400
43
9
3741
490
306
506944
5409
361452
17385809100
1107632600
60840
47180
2205
2925906429661200
492800
20570950
40579722
95109
40758008
457551640
8234440
6598816
24431500
116040
521128509
43075340
904460
2003383000
384978
119603000
996688
10887410
43017
133036800
238957264
533976
201175520
70200
55109080
2453360
380
116460
35101803
39000
7587943
15
1865789700
1840812000
1059790
71182800
16178500
9327200
661960
8803200
36900
185320
4040960
22312200
272100
3045174
108
13651764
59120500
380
3843840
42068
868402930
1404
8090
581073636
2003383000
83923840
26502540
2221440
392112980
457551640
92496030
124813920
1221863200
1810
55200600
72132720
5034106
78456820
44460
10131
209600
468
37567122
12320
1397770
3615300
12481392
8588
18435648
222595240
38687600
7059
2082465
140520
218205000
4311747
1010240
1414920
6500560
64190
1620
22012890
132716100
3898440
512017501680
616370040
30359680
182358
52366028
522184
562274000
879320
2644200
32040
3478225
39641
34782250
356640
3408270
360000
54047
10093200
31908240
3425
13155020
32748144
69049760
435633
89141
2374145
7843581
238957264
83459062
806000780
87990700
1520
4978512
8246634
216000
740432
10809777
170274500
226142310
1300
559290
194100
8799070
400980
932720
119
643392310
50101586
2700
81
35644
2375950500
29748432
337565
3652058592
52650
10222604
1862
14894100
2417226448
48540
10843560
877184
190
1444930
49200
256256
562980
1224450
52039540
731421
1814176
6680696
69769650
4727970
3600000
24
1600560
15087850
1193920
5622740
4232800
248515904
10696894000
31091451
58384000
95940000
6180580
188238180
610955280
854923680
11752
60218664
55484
79523600
66196
131550200
20728026
94458520
26863200
23741450
64020
756
1508785
84078900
639169960
411420
93272000
11030
1108730
94120
1755
1882381800
1399655190
1260
1976
5762850
584400
3026469
43420680
75364650
17027450
12905100
10597900
13155020
9139824150
37900071
13664657028
184002
33522720
459767
3816862
39886
1568336
510900
1941
61805800
2352013
9723870
18894315
3900
236035800
7843581
629772
10005024
3374910
24010
3408270
3650400
2057095
85800
2588827934
122917300
880844000
66089072
6406400
9872769150
95059173
1074200
1833711
35103915
3843840
831100
780
62193560
1066268
66180
2877192
118560
267423
927286578192
10579903
8140
2940
489400
17348210
66297336
74866000
262724
634995000
3800
80900
1089920
6000
29748432
1066268
12329720
1816510
10264085
4401127808
703170
1120865
15865410
1808677000
8445252
137984
64339231
41350400
106470
13622050
12962565
2674828
11
196642710
841987410
48165
42328
319771920
6815020
1327880
12291730
4925010
3619965
64220
91300
47476
128967630
4368
2094568
395109
693488
1031690
100568
1196030
7365789400
9315509015
538960200
79997400
57628500
2524080
2885168
2453360
1361200
96824
427912
224460
102752
17312064
52220
4727970
10887410
4954059
5034106
8799070
27210
10417120
5698852700
1989955
702000
712
2378135364
4752020
1068210
118532700
529040820
49780
850366920
77449320
197458704
212310
287043120
25448800
110120400
30780
37024
646222500
102752
105979000
6035242
130
110300
602520
306
52681200
795200
2544880
58284980
63263668
1241117
59174320
44460
2182050
380
58
3465
103477660
11395800
60
12788305
6149460
83074200
5229057570
1965600
15210
664991860
1013100
1041712000
226
47378156
917280
123500
66196
91576380
6724000
1677720
78941720
12896763
1020
471800
15293000
31304790
209430
22259524
1879459620
1710
80583464
509436928
59976900
382354920
6084000
77449320
9594000
2542710
10809777
227602440
1013100
1358896
186500
118560
35
293640
79523600
393290092
640640
55200600
4032180
526812
41085
9492
72684040
40080330
4779152
93830
454132
2721000
180867700
40906
347822500
608400
1202890
1405200
6411140
86716760
49200
58440
137032
47798058
33522720
2821106940
7307040
71200
541690240
2057095
113466600
118532700
9249603
467044046451840
5547313
1180904400
63550676
206338
8330400
7365789400
492058
4945668
5725980
202800
982504380
16353210
104175916000
131560
77748
6163700400
83074200
8808440000
132220920
4500
31746
132496
91200
24533600
7235094
2533800
97390300
8094914
49280
3163680
3933570
346040
1878286
433180800
337565
9594000
2858485500
29
71182800
33558158
1976
2205
117000
2533540
11749140
19065438
198
6857
1033980
102966000
3564510000
4620135
6724000
43318080
4766756
1290510
562108404
380
373995
25666368
17650038
9594000
83251385560
946530
1254116864
22148940
68150200
3951090
21820500
6088731
6019884920
152930000
2280
73800
19373520
85800
296060
3441360
11012040
6000
25680990
27153568
63587400
2620698000
12829476
4126323
1012700
3815790
8461684
12730
51076
29909880
370240
19340
1103
128872
37663013520
278432
146
115226400
1801800
690497600
1134666000
324129
47031920
9130
8234440
25564
5143900
46695081000
4747600
1319221090
641994210
1134666000
3702400
489424
11076326
5622740
1808677000
264420
11944559
47180
84
2558400
9249603
370240
44737
774493200
59258160
190
608400
10042
5812576
6720
802269000
100568
1166541
785336
116786172
226142310
43217200
457551640
5581598
1333290
1162249
492820
3619965
5844000
1444930
10725428610
302577600
5426872
5912050
23520130
7536465
31608720
59258160
1414920
727350
1434702
15500015
64190
267482800
70395
370834800
4994911
431985840
492800
236035800
2470893
299668200
42640
6055920
968805277440
321516416
91758000
974
2499810
4307534
23325120
38687600
28521445000
97238700
585
5144193
477980580
5116155
703170
271205792
49780
352717223
37
84078900
15143744
31304790
44268994
430753400
37422990
280437920
55671660
5792
1278732
27768
2397135
10978110
439153104
3026469
1574719810248
15333500
33604350
360000
3971760
50634738
22838
2580
382354920
9412
16676300
113466600
73758
212310
507466500
787966
49888800
795200
721327200
548028
131560
101310
2236
455895
37916703
9412
13977700
22012890
1566799300
935437776
105489468
69468267
731641900
32
2256738
6006014
570
1444950
8814
8195979
2841300
8195979
57330
2138706000
368068480
78600
84198741
26206980
429338
3792096
2721000
607860
10682100
26910
2662491008736
795236000
5559011403
3120
106470
55181880
455895
93894108
3816862
4457223
34580
86695800
1934
370
35645100
60786000
676
41
225
248515904
64876125600
7999740
110
131757600
1120865
2485499016
190575
1976
130233936
3933570
60368
874940
37996608
1816510
1840020
4779152
1482
362802180
1444
1869959168
6885799400
86184
277680
662973360
54348
2086801600
136120
1911
6260441
395109
34964800
3615300
1591620
7261281
456300
9063760
6678718
86082120
780
1667630
103169
54780
11700000
390
1667630
390
1900
180180
275664510
49647
874940
19936
957222240
71200
1396905400
1840020
25427100
1549682
128376780
48501440
308565
891968
6422000
3387791150
938300
422
29228982000
11700
7587943
450
142360812
5221840
128376780
921152700
33
2835518
6149460
1423608120
62193560
181
4762293
7213272
1444
30884
390
348168
3314300
3269169
148420
68150200
91385
6543333410
1139580
34718327400
3359216
113466600
554840
411420
556080
15500015
421490
2340
36061376
184081200
932720
607860
1566260
83304000
1026371610
11418176
488218400
420680
974
690727210
8468395
83923840
3489305520
879907000
2028
123200
703950
15496820
4539150
8307420
7544152
4718000
69049760
1069689400
61097400
1988349440
1176901
25338000
55449680
5639183
795236000
2182050
1617850
150
60060140
15395120
639169960
2140923
3815790
9589200
498660
2542710
390
1723410
34845280
432172
93894108
55963200
55484
72735
1849878
2025
205500
2747145
2089360
95059173
349440
2548
27274932
274950
20570950
21820500
82000
35370
3689433
15293000
38
48540
5490
541690240
17499295
323513260
290243096
601
34650
131783004312960
1069689400
6406400
1089920
988
5826730
25148879580
68408200
1002848
165253
2297680
132104
2260
43181796
642200
9594000
32953228
618058000
1875120
186578970
12332788
427200
72132720
25335400
281176
930186192
56330
1388324900
309088
474760
6723599
743182
3935934
16005600
496419
1288720
302673756
4954059
185400
54780
7486600
37012
5812576
49581114
1138489
4913
3395034
66806960
-6122901771977324032
2638825800
8200
6976965
13271610
36000
2200080
193735200
9702106440
921921
489214
28711898800
1256814000
28993470
57356
94
174992950
1867998
55546920
113466600
235201300
3304635152
3330950100
3800
2374145
33584751
600000
68857994
38
33791296
55200600
877184
1624719
42720
1362205
1613920
879320
205709500
748660
5221290
3840452
160056
55109080
1068210
155000150
765
1310
15293000
1368900
37900071
2094300
74654970370
368068480
663380
17004306
318357000
2821170
19373520
73200
982504380
22709700
453905972
4636
20637238620
4474348230
4718
1381992
996688
11346660000
52212900
3289374
235
380
13646427200
10509723900
426400
3329040
7745248
39504608
106700
3506400
146589000
46321464
555469200
25680990
8330400
224210844
40180
79700400
17888196
583840
273242820
8867837
83110
6946826700
5826730
15293000
3073
3798600
9139824150
1175200
7261281
5917432
514390
492058
103477660
1088741000
12511785
10742000
33584751
9702106440
1167861720
10146274880
111900
172227
1235
127300
365937
179284
732000
124664454399472
123500
6019884920
139777000
40939371
106700
1039258
23032750
2982512
88380
54
19340
19760
45630
2443150
2229920
16131651
1500
45496880
688579940
3314300
4882184
1741984200
2391312
11700
237110
10743220
3600000
1865
17312064
103477660
102391520
16752679550
220124
11174493
9594000
22312200
35645100
10670
51161550
19899550
292382480
12291730
1862
2505492
36199650
23507451
629772
64474904
9888956
81400
1925248
5042960
309088
34718327400
3868760
150
79520
22976800
25371632
2
9268
50746650
19410
83045127
650056
1468333150
5258176
21274
496419
900
1061190
128872
88040689
51439000
44268994
380453788
42328
13261438
100932
5997690
24810240
5
1529300
75364650
13309437
654481
136220500
63550676
270
1176901
166763000
2533540
1703520
8311
183964
64452000
2028
959400
2140923
80226900
28043792
1260
11445980
164408400
4556474750
127043800
1831078700
3600
2289606
390000
13819920
124478640
11514798
24890
77026348
2089360
64452000
66180
86961644
111
40321800
18827200
18650
108903600
1404119
55200600
11368068
5
27056
187411985
1010240
64064
1404119
283668
1036222
116569
2940
347822500
1066340
5143900
2028
513114888
379860
879907000
13819920
36564840
20033830000
27
581073636
127883050
1924
476736652
1441440
1976
307800
15904814800
393456
1504291
76380
6000
312000
41531360
11208650
42068
1399355100
12111
2236
232708
2562560
66348880
1160234400
711828000
184680
795236000
10682100
56330
335993
897842
79523600
379860
2870431200
28028
80583464
1710
1405200
5520060
2609875632
18728330
898810640
1755
10843560
5735600
1518110
52568532
10239152
188943150
218205000
9044600
690123720
69049760
25
730704
63492
241472
431985840
566145320
1068968888208
969800
387838600
911985
692090724
50746650
141492000
4206800
294851
37012
58384000
3329040
5838400
32760
255311430
4376970
664991860
1532700
49780
119059512
33604350
19410
302253952
24431500
19793280
74954880
380
73070400
1204
62604410
2379628100
5010437328
9190720
24751552650
110763260
25439128
843120
19899550
3067620
249594
1620529
34638330
4457223
135826
63
2835518
56227400
364
75699
5203954
1890534
224460
96980
325542932
2858485500
3415533
69072721
1613920
498888000
1521520
40180
31029780
477120
4087200
43726424
4879160
12350
1892858300
1002848
22976800
566145320
672400
244315000
96980
1207860
43420680
1043860
14058941688
56784132
48840
73575840
1164600
206338
4608912
439286848
262069800
70870
88380
1591620
245336
247515526500
11074
159516240
3971286
845466
2468752
17888196
23759505
158946510
110300
78
431985840
61097400
583840
12411170
16131651
921921
15227520
21820500
1889431500
37674810
2082465
6724000
780
223122000
7879660
101735502
471800
600
21
118904
136890000
188238180
14578620
438275
17004306
2256738
13749840
6678718
71499040
142360812
274950
4608912
11030
288460276
3650400
111327996
321390160
77982113
18018000
127300
36199650
3800
49888800
96354564
83925
1862
3951994289351360
5900263200
56988527
25626640
8749120580
1202890
1022542092
4275282
29033070
3120
141846385923
2524080
626044100
17030
13686648
32351326
122696541
30616
792836
76380
893014099152
4126323
4500
4264000
49780
68150200
60887310
75136360
23971350
676
117000
82000
18728330
335581580
118532700
1890534
1013100
2380785
3750901440
45953320
308565
56784132
430
8096559800
29274960
3853200
421490
5203954
7563271
690123720
413504
2848560
2700
49280
55858400
15434832
833040
64792
325542932
87345
759704
761880
83074200
3643734
21502208
3009660
149
572130
3442192
15055040
1586
57330
185400
36471600
8246634
982504380
2700
41914
6455680
70200
3313620
14720160
55307744568
1521
1508785
2877192
10005024
36199650
6078600
189924
8140
23400
19793280
45
705120
9369360
785336
2340
39
853958
9157638
7694060
15122460
116460
1162249
1517824
663380
46963807
59
31608720
1808677000
1330943700
1241117
54
34331143800
2530
9127310
7497812
42720
16752679550
1023349745
160056
395187520
15916200
7149904
272100
1407202000
262069800
91576380
37024
9780908
13278800
91385
349648000
254271000
34782250
12320
1327161000
564720
56988527
207900
2003383000
10219587906
1423608120
292382480
3090
130923000
14830480
1314544
3415533
152930000
59319
66297336
13
87990700
5229536
11853270
186578970
3484528
63
490
7213272
4773291540
283080
2340
2071047
26514
9190720
231182
1702745
30012630
10239152
224635320
702000
18100
1579974
1122
1185327000
1504291
1358896
2201056
256256
14449300
172308240
49888800
16440840
2401
2262780
4994911
1074200
97238700
118090440
99843099
25855680
34694
16072576
83925
14052
963545640
1549682
293237516
3313620
377586612
1889431500
702318960
4882184
28
252182280
1020
14922963
84128200
2217280
50694400
82000
361996500
223122000
84895200
1993118400
264420
2663592
957222240
2028
2821170
96354564
351321
22600
203050196500
584400
16554564000
27394224
111900
40409600
1189040
11522640
255311430
2270970
15499356
5912050
35101803
573560
1007039
480979356
11749140
356451000
17278985592
1441440
1489410
60000
693488
60840
349440
207565644
9063760
22652
471800
169715
64064
1043860
640640
904460
14619612
9698000
14334554520
774493200
507466500
2782
8022690
79523600
91907200
108097770
2515448400
270
101792610
38
34
1853545200
31835700
106968940
841987410
969800
118532700
80195
256100520
7031700
906376
892327
6411140
892327
296060
106634000
11174493
16102166300
1189040
156626
204668568
111327996
15661568
18408120
4368970694520
64792
37916703
2499810
2117700
1256814000
15916200
17284820
3200526500
1404
417179880
148641246000
650056
1825293756
1239902
7599760
1397770
941200
186500
77982113
492820
539
254488
110300
49
14262507100
380640
188943150
67385090
155000150
2393820
10579903
43830
480979356
50310
275664510
2397135
79700400
17989188
2340
124111700
60000
15395120
12242103
202874
740384100
36153000
211770
124348224
809
1702745
1532700
4500
84478240
199643
959400
32760
18308454
30780
2656680
8867837
7486600
188943150
3335950
8728961
121680
1572155
245336
17
7817700
4321720
52814610
16139200
29033070
1124816
100050240
64
13749840
130
8022690
12788305
911985
658526
64020
1655456400
5721111300
140520
9167033
310614100
8447824
58440
160912
3900
34964800
42820400
42915600
4900
3900
893040
5997690
101310
1290510
16558
429338
34698675
1067
430
11944559
1022542092
12166090
6078600
9127310
1976
493740
3971286
147334
45672704
239663424
31835700
83110
22000800
52814610
132716100
742235
2221440
5069440
13278800
169
21105846
1064
8322912
3606910
3971760
