1481544
1819227400000
16855270115885
882900491
419036288
3114918874
11998467250
584504748
4740445504
7509560
3245398056
102722142
378733760000
2394697666096
929211696
3798415048644
98337640
87905145062
2826329500
1911834960
41582149736
2420
28263295
514182437104
5671853276
54980699144
77557538066
253210859905
137993207
404535636368
6929902457
6731480000
828321200
994449
1103269572
7299448146470
9505769350
93426671216
629557991060
71676
2065018140
2652527504
44363
1965129437480
358380
55979228056
471226272
70024194000
462298708
1007490888
480792284700
39961909512
52
50846064417
61612721752
1831580918
38789191854
802472
1262766186
1743
96277893500
2737161200
59326784688
71270788000
27094917500
1300680763016
14596205966
29908728
5097960000
2831590960
415516920
1905619825120
113295299904
7076344
141652951148864
223181064
3787337600
1112932360
179182127040
208018465568
99545870304
122380578474
554211484
142986582
1168742061424
66137400
296308950
99955424520
4767469795
20649748
3506656384
1682861256
1045678375000
63184
908953507
7458
135883048
7487190252
18318361
867729996800
2201265154000
501600899828
10764459552
62810000
81880078248
1299600
9439080
67466132860
11794587420
1000272350
9440415489400
21607126439608
484959
10302250000
452009427
66972188000
254821072
13653
482798282382
20695163665
43061340
18199831440
67700765680
2135548944
9843538752
105593864855
3714576228
2010277474380
129750334
11838382346423600
7522124438600
30070865
5163663
201900228
1892739508176
289069308
48238142107
12654
9843538752
42131657060
495601609572888
3399867600000
6016803292780
226219110467
1255654872
6557988
4462173294
3757989709621
3479587376
32326320
112443632
24704869232
16367081920
158768887200
3270848
3928
3415298012
399757832880
89245656248
6529535600
168666528800
9440415489400
3103947312
279287080
24113886400
1143042211448
11234586
2982340
29759197413
32460796200
253611456
52226379044
10679828256
485884230
5388607
925418456620
16609257936
122947986460280
204026985
459762
171370800
3426848829980
361772199
850212
180666395220490
370160592
34517176182
63184
18787433930
1063480077
3809420800
661780000
8589439558
9520259
797181000
37589565300
5090477130570
5888979491
2266546
554765724
11166521328
66588289093
19432927440
29363950
27227608
364821013872
7910543982
461078460
10034080
4032663370400
587091168
6398105686
1907227756
12153756
8767504
40929504
5583248800
1622168746
11998467250
1988127845
1147586537960
6681622200
920961496620
3755809898
28169251
234268904
6031
52226379044
533162600
272332
84154503300
65518659940
27841799200
1811115331
321597898048
1965129437480
19579673500
669721880
371972291
26746856
966828100
53250120
164264949228
519832000
1622168746
203874706308
11786345
6921580568
38474653980
7593568
5570320000
740462800
2880183082
496059
1255654872
67314800
17130560960
13418300
7699944653209
16636012400
234268904
209052088
7587941355
101318019008
5837684400
240295
845424
1071135894500
204026985
3013022400
269891298
496068122803
10011914
134081
4396599
3693657456
1320
4769712
7940868372
2201265154000
46478256
4677290387
12366005792
3605155444372
151351177616
29473642247
298234000
21732252031
273548196
27354819600
21076571728
3480055719225
112763060
17123163020
845424
40188231006
5924543000
18357155648400
10765891850
2447559469600
393762688
6646382400
419910588
492177848
71435110
57477295
1519991760
60368
391912407
5146106450
6921520
17447683
13450862656
11535079490144
15291244836
32498688817
182493715955
12930918896
910485450
9461635799
761397
9444172892
6731480000
106067900
11266591776
34304426820
487798850
793086516
1965129437480
63967260
138515428467780
87407534520
2018353204
678600
14729
2603213720
118424810350
451148816500
29594363249
3921998872
3128352546
28060837060
9078017335866
26937900603
135711566
484144850
24113886400
10911295431
578980522400
13270464901350
44228028936
9444172892
11998467250
4888102977440
5428512
8303482
56198010
4782334557
729064350
44528365099
395826851
954039646000
337666595252
619685071
4769900
28635350920
31523072
13457989315
5388607
98549
17986492540
35032872800
3672536981520
30256928401155
19579673500
6925366995
282320177324
21501888468096
196406882790580
17458212800
1881284499
176136854440
736152
4808515971
299503688
754755730476
17394136200
3444037278
5459256
3757130008800
8677299968
287672669
3277708556
578593016
524689
740462800
1367908987962
78832761420
3399867600000
87407534520
166996232106
38473
4621200
851374680
984680851
7140
333657472
418437221300
1053535696816
3447369446
15258673584
1844019240
2731650552
20190022800
1178674450120
120918412818
11888052
1540
76799824020
265441728
1985737824
85139
27441689
11188758
566065456
350187922724
2993245080
13534110448
2586680190648
2964803400
1263894815620
2921938000
2696980320
451148816500
3695138176
74160000
112066180450
767322430
21109348103
33528606650
12855546829
224830907024
434346980
929211696
13350632400
2316555200
7123738454
100766083
42610715000
402057253760
31768143495
1651903
530586248
2869793652
46082960910
132669308800
589767920
581297521568
577344837
4072157
10018776704
246307127
98916345877
10987360356
122100
33581798824
40934950
38474653980
76256046330
5265032745
6899420
18195651405
25872309400
882102096132
288954300600
419799121
593673036712
44528365099
2575240488
4687178650
27754555690
14799398977
76606046
6655
12250512648
5771764800
5990200
618210840
796960440
455158002
1520332102827
741600
2733715
1103269572
430911214231
134259771948
954039646000
767300100
15754226
6269213539
9350010396
8332678065964
83352271928
3312177760
294895582
1231428
136289469540
508743216
489038416
1085000016
54694361050
501030504
2705381583
4163515488
783224497908
42970364079624
125201615540
489100812
5596341940
961180
62276448
4043097652388
25331273
1581
90933850
13008362928
540998793
424843200
801638504450
1724060995
12935105856
3672536981520
44528365099
1211113933
33933709600
5199831024808
358424022
7851780
2354071272
313094298
4511488165
8767504
1763195196080
7034423128
18407171768164
39046116518276
23426890400
15480974792
756048
57860
2780280304
425422338528
5291612074
170953223017
331217776000
122380578474
63254800
3269343880
13029843460
8521332552
1940025972
582681120
910485450
1128364154
2184373268
17394136200
4786555668720
38474653980
13431
6911384364
1288398797758
687534
3003836046
14280646
18124730876
7910543982
2182328607
47791308
35112163212
11241000484
4019740717440
1819227400000
658922
12617728993605
2705066350
580570184
11194800
651600
98337640
2048900
163232300
44496480
40188231006
186847824
4416473435
5569416
1192116
998494070000
762760301
29442324
241138864
38314430
67215680686000
49797756
15280696200
2633133382
740462800
8256
72471000
92136455464
17572666386
1133247500
2270132192
7728179550
98916345877
497278950
34517176182
155488756
14724973396
9516462392
21109348103
391097330729
11234586
24636093438
9110862832
1120758686180
4120309207
10280100868
246013
1681825684
81760800
432418
801977794919
25080
103022500
209052088
36131647
53189696
21293907600
93009019600
2552637498
984550
61727896000
6353456
337159043837
1744216
17626452
224830907024
519137289153952
5125973035
1609513712
158615300
710459806000
739745973
7076344
5701162936
1140000
1716477147
207963350
1027188343300
11567640512
67100
59121200
179182127040
1744412971
299744340
65217546856
13347994635950480
6804417372200
4255103300
52144900544
16054064648340
310896245
16930937300
1090769750
97255684800
24019234092
54980699144
1041550780
3883782400
2482478040
259898619
1133247500
2621399900
374508800
422860320
39046116518276
19711338930
35112163212
195796735
27086458
1157100
22537900
46445217
89245656248
76799824020
1604300
398713353028320
228648280497
378501408
540836912
9613414
477909288
30952158608
866897070788
55703200
3853616008
11136563524
334230270
4011679303415
183560951
75341408847590
4206519270
41332393550
112553758
2722760800
25875149098
228648280497
44228028936
4255103300
16679334084016
2201265154000
25095536
508697668
73452502040
11843798
6613740000
241490422705
4434535000
33581798824
3095759128
86416085000
14596205966
6627384172107
10386504
188623600
20796335000
15530313568
21695056600
2183815766
25862799320
2087985679272
6444568585
3519770100
3543368
867593346172
417562173336
1614884684
15615768748471
125400
331270389600
110488800
640479420
304317300
438928287
35759808
996192050
143729237
461063322470
991935774
2673
5003594750
277073951200
82343800374
68666696120
1816
1970980
56779524
240295
7323756
37995154587600
133506324
13347994635950480
610000
292014540
39141871
3196437828
332107506918
1886190581
515254032
2998200
343254854000
3399867600000
6497380608016
22242291720
4139460000
6790068560
2383559758
14593623968
49295652
565765074925
4961262852
83840966272
8026368100
67700765680
81330973630060
395218
38036951808
687534
20656020
148066079648
289286980
9414507904
19386447971
2010933883
5326160532
37880711
62400488
58452452
9093385000
414748320
10214347712
18903354336
396493682508
220185038500
2227032216
319979100
29721308000
2414474722960
731980326
5775818
304805515000
108092115
30118144
4999738400184
40149758500
33845840567
615873412
72109015
337666595252
65152165698
210787654110
20489
5600297698800
39042607320
641349782264
120917406
53526420
341427652
2528327882
49626369815
648121415
16838943200
21620320
139544183224
11702574240
2479169
146113783620
14022
4113839796000
396997922
748232280
207540180368
5079701
5984370980000
4201683600
5326160532
10654209881032
26772600600
2860891104
6428602
146113783620
1083641321441
54880000
82343800374
72057543728
1266619565425
1873445737667
8816213670
1926147828
437614352005
2420
514628226108
1516911003
68552
18354289006
553012804792
12996
22836455164
81576
1741594416
64963022360
11829529074
770237022440
73974597300
39191240700
25230347374240
2507317704
57042416
72952
52950240
2931599
1812035410080
305473851004
135883048
3258400200
1118875800
4854624
78167040040
6110516426000
1730681082502
10854063
105530630
101210296688
65160000
566065456
3695138176
63968420881856
340570860
17572666386
476323332053
61612721752
19778878880
93493432502656
1246737167552
4482564
2017564879
3529012900
384159382
1258674342
4113839796000
41332393550
653576968
5678498826
243225934912
5125973035
63752150
34768600
554211484
5530852800
510842180
106397176
1581597293504
7006718000
367055485870920
8015317289
31055275692513
2509124268980
631918400
10795595
10100359885
69200880
594302670
3742790400
11794587420
7247100000
9711905401
25095536
2747429160
4820678230
6481323700576
162089238948
2146290400
28428226245
430780608
4966172580
534758059
108905489
793917204
16643435838
278417992
44846340
81916485896
3295151677920
51460496
7736040000
14649941600
99252742339
1112932360
1298204
41012160
216077260000
1965129437480
156043377
2320692614
12812824
3674539860
66917714
447663
4905237953
125892785822
468756352
624581556
986733
311210530
66341
864160850
1079892212
49626369815
18341498900
118587366
284947719802228
47352480
3395386031776
223964485800
319979100
511043004944
43563394
436178027600
3593719700
87751915136
441691099920
458728808
1053535696816
31997489964
3613164700
598696700
56927386076740
11762910648
58301600
6929902457
227147228
651600
433406345
13534110448
2860891104
13218195
726430545486
7509560
434346980
29980899074
53189696
86902300
705987378528
2964803400
102951470
181922740
7267355
4535314837930
785786210
32498688817
5146106450
13350632400
41012160
5904918844
1871475832
4740445504
12319892574
273927855140
7699944653209
28975208
8137205703
2674685600
316625799000
116830739200
294215416
825167188
9352332
25230347374240
9461635799
631918400
37585192
432406400
133787486684
1381820
1907227756
350328728
61369536
9854900
45487225000
6257966400
39143192
31
127787552490
3608066389956
22000
3672536981520
401608776
3369772712
71435110
25693206
19908758100
59737056
254821072
5110859916720
474044550400
6234902368
65518659940
112775515909
3070714101
22836455164
8422570916
27027926500
36078064
73452502040
120654931705
80139056
1625146939379
9259227200
135043480267
341427652
10335372948
1680876582
623200
908848200
185500120464
108188144856
1294576976
7034423128
119631401750
3425985448
2416891114
585709472808
28975208
230391728
136867933096
195676131600
111948
1128517445
1335882800
253187411
2731650552
4385922
44530371
16333604
98373800
424843200
10236471110
8937083204
740462800
6512624
12235875120
2717804600
14546142864
9993182500
27015923346
659424556152
243011486916
13877509812
54694361050
172027366350
33333411
4251040000
46445217
14641433024
21288400
1965129437480
559029096
891393897465
2821856520
5043817519264
5055369900
493866660
641317600
435540
74016786424
362928896
18199831440
52665069093
3444037278
11041003
9566088743
124714
39997592
35737241624
24506964008
31402268752
33401
3013022400
38523961600
2056775133
2560841
42712134
5702000
131369289
401608776
123569159
871102750880
906658164298
40699008
4647825600
10154353916
17703792400
384857983674
81916485896
28755
60593024464
99545870304
1055183544
262944248
28384552172960
1278118195
1510672
86014870900
1911834960
16686021033
531757728
7346502
388655733
87905145062
28169251
2111749472
832685700
8263213700
178471800
2438592328
306477984
351663718252
24108298
170053026800
4266392128
151351177616
16099452950
7673887200
51024939340
14799398977
8521332552
155063011600
137721777094000
14007274332032
66991278575200
8627909620
3219016635
19059873000
2356217
52041039200
641317600
484144850
10018776704
10746500
50587105
18787433930
2144149140
63153072
153177893
494555423200
151067200
11365311456
2555351300
11244363200
43547133700
1641020364
22320827790
804637317240
3757989709621
18356095100
985396251754
1819227400000
4597692
48400
8238704
374508800
46469800370
13925913120
5422615
93771427576
10301819
5294589
864160850
11365311456
24506964008
37610777900
8422570916
57020
71270788000
4198100
12319892574
17366225184
18904243050
7202976
102592495
1956761316
8936280
7527240000
210787654110
318786944
5103780
7169617970316
243225934912
159875716980
59902
25331273
8513900
25164901018752
267446805850
29075200980
143328278060
6396955049
146291460
29921228706
43728824322
19710691792885
318727288
6234902368
311210530
17620177
13534110448
351663718252
12985924
220185038500
7573248060
3059457480
1371888361200
430560581
8797738
5146049600
78832761420
185002456412
19096333452
5456488380032
403300
147439200720
25567326839
119631401750
4453037100
37766376718
844715696
110046300
386656211200
16423009181
20120198
28795620
492965
284858800
8951644100
2128840000
83434424773
2308955
61727896000
194553190899
5146049600
50458041450
734978442
2099810840886
7217164207
164958860
9639932895
2287596850
1443344
3543368
908953507
138715214400
63967260
1085952051175839080
53524662690
11100
21454488
7573248060
3482034480
1104888
1201475
630683522704
32271846965
4450072
31309429800
1987433
1893614490
236091944
30256928401155
84290755210300
4032663370400
448793038398
73974597300
26280233308
2121878693200
357817600
5389216
64330400
25918387
54694361050
158913466609
6493271435
2270744728980
7108096977
6520000
208396931
24594472000
3672536981520
122280569600
825167188
1819227400000
76179036945
29270772398000
183560951
16129
680826023472
57002671376
339986760
36482454563
2652527504
33827184
70536078
48903841600
608530739722
55918361844
2287757906000
966828100
2160772600
26737511056
431588355732
10987360356
10335372948
2459698486624
3194840
579086651255
3352444200
4107401756
1345798931500
192272393770
1614884684
361772199
7865995464
41738640
31817294928
11266591776
513473309
25234548842
1216408207048
22797159196
320497168100
172216608
3791520092
16010243876
11241000484
568283193800
3099808735
1519991760
7527240000
417562173336
533060
105804665750
9110862832
46843698
205827160384
11100
32215236680
98373800
19186376
2621399900
3739854360
1985737824
10679828256
39263722410
335505715984
11536893708
14004781560
28931657808
14632301306
258864899103720
1283903404
180821442
1932130026
183414989
228652588188
95207161408
889435187560000
860425
16813400136092
2850
133712440400
317946848940
6281
4531959745600
2926110960
1138361476
21041986950
410401420816
4507580
32004811510
290585544
12288162960404380
923077038
22092226475
85
2831735430
261998509150
60368
302338644720
11786345
16257049
397476
46834480
298044092500
55988492
815736
229961660
1741594416
1326693088
364821013872
406879852
2274279
281415792
239457673350
578753000
12544837
377867708
26981826185
45487225000
132669308800
4101216000
8263213700
5164660435
26279028
12153768
2064974800
133653567100
59121200
454872250
2621399900
6731480000
371542320
9479803499964
41225342
4653427464
9488530832
663775587244
15353109972
404535636368
13316952950350
1951659206
16609257936
3424642056
72109015
448468544
301117392
9488530832
73987497479141
1353
40198120900
1586153
101030425660
9783787063160000
483817664
563911223820
7248663100
17147600
242474615458
43061340
19378812670
146291460
118211500
378156640
192781001
263071628050
912382771419
35796608
19059873000
27928708000
40217798
879298973
631724528
12319029934
23977072
15188242851
2853632304
634892468560
3326543493
4368234837168
15333320800
1038226424
365276789762
163582134
853380586
92592272
41070
2621399900
44363
90933850
204220009700
14628523932
26746856
261711838
16636012400
625632
3212159940
98916345877
185001092332
365284699371
19579625200
61214650
110488800
65388102
1987336860250
3103947312
113985868735
253611456
2483808992
8171064
3423
14876706361693880
24323023
2760851489600
3765821643
307264844096
478679794
3529012900
16609257936
3942653480
87902561010
9803952
22133104
27027926500
13772177709400000
78818934742
844427343900
691752
71083446695
53524662690
1026419541700
6503332
4905237953
40607712
432406400
193744834150
58376844
54027079305248
261540087
6011489
372880316
62867777255
46579896
521066786400
343887620
694001840
34201216
162836450
3299353600
2671878406000
1653672651552
866897070788
72
10519366696
1240498638456
7011480
462298708
433406345
136858060
1263680
133437153136
4398457805
385239616
638568000
5941608800
1871475832
32760976366
5667794352
10679828256
2509124268980
17063824607900
9513231660
249218315504
344649096
7876374
376107779
138676299091
66320000
2705381583
32096867238
6731480000
53099759964
92592272
642337104
19059873000
634966662
4531959745600
6305969936
3809420800
15604337700
1893614490
427385976
21732252031
6681622200
12319892574
101030425660
15333320800
17373037472
192370067
3478220
2398036208
5534042567850
23768498600
172492894400
4137185569
568283193800
451148816500
8747872
190722775600
11934988392
16636012400
327857392350240
68736111280
7702661340
42404841174
4820678230
196512943748000
42970364079624
2265521976
5164660435
1678646967144
39418516800
3650449678400
669441
55832488
55685460
334768
1147148212588
3399867600000
460123020
510897387
176240436100
20839693100
504960861780
241138864
5003594750
364821013872
10869954112
4647825600
740462800
882900491
5169881390
12000
54997056
251653369660
9933808
1897661955620
731126072
397448117
1157100
2305853552
332348040
98307915244
31567730172
1320372627
4277718407
386656211200
18073889500
125690142744
42712134
22092226475
3062597912
259898619
7569870000
1168742061424
1222805696
25741736000
254719690400
81576
14004781560
3295151677920
18744574102
6639078967500
110374880
1122910344
20656020
1915300656
16621131184
1519040134
503481704352
180738895
72053928
33098128
41594011571
397448117
63489246856000
643304
2239644858
4677290387
828570600
1021150827
10294312073
3352444200
11203143552
1614
867593346172
257417360
20979505316
463512346943
57002671376
564641848
30070865
411676004
1530827696
2509553600
316339768
41655592
64061756262
498515572016
2633133382
14004781560
41330624
10786198080
1594
41474832000
954791838
36815636102
11373440742680
23642300
451983265650
107867311405
56735501956
14210344727
244613721548
610342157482
122947986460280
14708368444
200838422500
393221200
4020039945
858
208396931
98916345877
1299600
67700765680
2503114072
59245430
112238700
6125847984
1609513712
4071766512
8238704
1483479904
4659891
14210344727
23542823983
286872444250
682855461
16179100
89516441
1126650
1194541482400
2952156
411706944
1428064600
5291612074
649
42597504
2350241640
5198320
614157368
3212159940
11768881600
8603700
82632137
105530630
5047638480
908953507
2705066350
3504769759
8345067228975
175702
8391844130
15002155408
637584
6481323700576
385230935304
659424556152
9639932895
1516911003
18356095100
1643214886451
6632
9111681808
520410392
7865995464
67466132860
13365356710000
44596914
20172444950
6622032
31817294928
17986492540
48596328
714000
4204608
82343800374
2393756620
81880078248
1186521387395
2096894266
25546104714
4738586688
1182115
3165
11041003
60802357406
2897520800
80642
8569592526
726430545486
163582134
538630736
13988890048
1877820
286266882
1011138185
2398036208
16636012400
2770739512
5986967
348920282144
669721880
540998793
591761240000
20893925948
709305824160
59274677
24932006
2320692614
3295151677920
10477020192752
2335746
2352751870
67215680686000
11829529074
2507317704
1188347970
2274279
1213666818
217018970444
2888013045
4373464368
126401980122
1320
8507787
195040800
54980699144
6447768
350672022289
1862403103
388655733
14641433024
225379
17711694670
13219594092
1128364154
6610151528
5655255200
43728824322
76792336
9993182500
6324887121
15353109972
268608738
3787337600
37303123221
136026063712
6790068560
15372994876
5627147900
414013308
404766483
574400
321597898048
41922200
134496960
18794187
461791
46533642
135511810416
146113200
128617103408
554765724
9835285896
3960406
6502835424
4859632800
50587105
3729423448
115570417312
3998858174
7991560
10230992156
89703
9488530832
9149462635
1862487
70091867
122947986460280
342708192
31997910000
1195132068324
4190995256
63419521232
788186222250
1640760
589026597654
1905619825120
87902561010
481604397500
429795132200
68807530696
21940953880
801340086941
19908758100
26718784060
110407168823
1208923380
4279452118540
21607126439608
63968420881856
1819176840
3482034480
3424642056
419036288
1074650000
2219125168820
10679828256
127992018
6610151528
871102750880
5437686
32584002
2363552070
5291612074
3003836046
263889976736
24643816352
51494541305
118587366
3007811400
367055485870920
281483015
65662596
173238165920
3295151677920
1578747744
717200
320497168100
9502623161
1950408
30525096
55832488
113553104
17244543110
178915979
14210344727
3539451189845
28795620
13748119
31133109600
4198100
212323518
827838
251653369660
913348572472
137721777094000
71943175548
80859636
200247411
13450862656
97837870631600
15353109972
17782100328
17703792400
4769198224
43869198
3253837223117056
555390111136
654816
658922
14641433024
37197229100
151691100300
109076975000
80404272
5342438085824
71676
511043004944
64026400
7160860904
43547133700
49505227200
759547430835
313152444
2008700178
148037882465
16452874758267
977304811
689428173700
33423027000
2555351300
73452502040
411505417152
197588769
279287080
10058600783
43340634500
269891298
378305302912
17123163020
125690142744
21861763
54609922912
330859254
295279831
24689245
133691316
41268503424
3672536981520
12300
103825
4659891
15581548090
798563287760
7536214556336
12708858528
9110862832
792540
3072157880
29270772398000
9874568
25693206
45054852
936529
399757832880
167684592
15889867609248
700241940
727511400
19796641200
2888013045
2482154220
97828712533
156736
1926147828
20580
459762
7839786680
1643214886451
157874774400
3009030156
431621505830
61105164260
3944016380
1231428
494802549445
44793727
1565308
29721804
67496890712
9444172892
15353109972
414827115912
17867904
3934443468
11829529074
506576878764
60593024464
200137357616
377386853
20796335000
267524845020
2265521976
1762404361
13008362928
54646634528
6127654300
784355420
2118785871
94596180
83434424773
15449048
367253698152000
132200
608632464
112066180450
83606498
4113839796000
40699008
7972982
792471400
119631401750
563756368
2831590960
3892619992
1178634500
87902561010
1543715988972
112487562
367055485870920
6325480000
695802800
403300
53659097055
5549888200
6964186
109642396784
3574220359
1594032830632
893708320400
144148758784
2825942618800
95955741464
315804147384
1744750224
16423009181
8097621602
22589690741926
20796335000
17473705272
12251010
3009030156
5562176400
3246
17572666386
9513231660
3914187100
27094917500
119851328136064
1088406940220
545585076
4765729500
2017564879
1294576976
409649390698
1122910344
2552637498
1744216
121012354260
9461635799
990
2195621295
5763360536
298044092500
12138645680
6788729843
286872444250
12728100
43078060800
3126557676
97837870631600
236064624001
23630124
7884044266
142068730
1343643330
954791838
3062597912
16904941472
4011462700
306477984
97828712533
97837870631600
180738895
31309429800
355488336512
19386447971
4347055
3637296100
5551062800
11203143552
1360205558424
71638864
40934950
105623108088
113936939952
190722775600
198579388
7839786680
483523200
10590568285
1116969945000
57252171200
66917714
9058488
897688
166269294
21454488
67213624800
32596231572
9835285896
144148758784
13588304800
7699944653209
110374880
68552
19710691792885
1320372627
3369772712
1837924767
378305302912
7346502
1837924767
377386853
359562596080
1821371519685
372211039374
350187922724
25133656
1862403103
5787076723
409521200
4765573037750
9722428400
874880938659
1126650
8316528
10100359885
31964207457
3721
279731341600
13418300
40929504
39418516800
1147586537960
13718883612
2176050354
2262773100
27390193951891
48596328
3574220359
714782609800
3231950156037
128691409
317946848940
263682661
6810650
7429800
14996260
3251280400
166433594752
145343751920
484959
6921580568
551681568
130991358
54010
5003594750
419810000
510897387
28453654256
137721777094000
6647312564
16099452950
281415792
4535314837930
15876784
6121465000
1300680763016
11188758
11266591776
196406882790580
1551874202
1578747744
9488530832
53526420
294098361200
129495325
1417363808
2556355873040
2305853552
1075812
13450862656
11325132420
62321748
520410392
23390469808
2576957944
414013308
2684362656
25577218117
484977060120
121451033
27006545224
7011480
548800
654816
66439944
2717804600
2877881512
301117392
71829
198001321285264
1053535696816
6790068560
407215700
137721777094000
28148301500
64277344
27754555690
259510779
463512346943
14683944344
10746500
124714
9502623161
9505769350
24029500
1557746642888
109078808160
33333411
162089238948
918214535
895599684340
112402511688
225379
486261600
563424543
139188307
568283193800
4535569164
16636012400
1060679
23634836842976
213346618725680
72282936
790944736
4283875200
475355232
897336
7719103485
295279831
1294576976
1513972856
67700765680
16099452950
4129830497800
78664380
7961207513000
55918361844
81880078248
355348640
18170933
11136563524
1152029545909
25758964
12716050048748
71083446695
2909639
36485072800
13748119
44008330
44725896
674987665
153724748724
454872250
15353109972
155488756
4129830497800
10204874274
510226830636
13457989315
5530940
450105302500
727511400
288954300600
30730092
11888052
44528365099
25652522000
5478726
3464206400
5922442
578980522400
12779360
4017216
1015000
4701245736
2551953808
37610777900
101210296688
9000
9542258600
27094917500
29823400000
2287596850
17081223066812
2744168900
4137185569
3222015630
290585544
11667469
1943292744000
1248450
451983265650
217721394
9859476
1775810848
112066180450
607027230264
63929278084
55308528
1869429504951
243859232800
273406468144
28485880000
4840241184
16265089
18921055169124
2210256736
1882080476352
767300100
229961660
89245656248
10230992156
702065350
1617910000
2001150140
11039468400
52644174
1709573640
619150
620675064
34234314
1533332080000
239457673350
17464577592
2308088328
24312824096
26014998965651
292363492466
742824
42344348
480615894
9837795408
4434535000
222346512
38945265745
936529
29921228706
68353336797
3804295
221815
2408011168
6529535600
76799824020
9962626993
355348640
151841692131
9837795408
12780834264
1775810848
1457749495168
12520161554000
110436484644
201799926300
3415298012
3015453249
13988890048
64306432765
652415041600
513473309
86830628
196406882790580
5830160000
13008362928
62320000
436178027600
1617231626448
2408011168
123940044
461078460
8616136784258
31964207457
49182912
531757728
4971582190368
159400
9566088743
49643084400
4951158327500
411676004
2182328607
972559926
7160860904
23915602550
2287596850
45292967904
91048545000
57252171200
5609373972076
7416
204220009700
722573869080
14596205966
3755809898
30952158608
351663718252
45319597456
510842180
226654600
407880
14997948
76799824020
24220354235
2394697666096
4687178650
2684362656
7620479704
4206519270
61584569450320
18124730876
541224256
475355232
2010933883
7429800
8316528
946837668
710448
670385948
4591985307
4113839796000
142068730
425422338528
6838830652
49626369815
255378762788
46
332348040
170774755484
2107268
30613356000
49182912
175432464327760
3732708056
3605155444372
225801588236
765466047796
154204859915
16643435838
14459923874872
14593623968
107009401076
114233255740
18836932108
9542258600
17782100328
584126800
1483930000
196512943748000
57181520
21732252031
364760
5486216596
2731650552
1988585310738
67215680686000
693279605714496
64824579183
15626431144
46840418
492198143816
82006128
231255629899
8219742732035
86799258
2239644858
46212
24268776
10763799948
82038
6500280
1668705248
290159897436
27398305600
669004974
589593200
22405928898
2482154220
371315678944
1038650400
24912038000
276483540594
122280569600
501600899828
397306736
78832761420
164541216
11203143552
450705204
59902
181688520
63254800
1530586212632
53099759964
41681992133740
2509124268980
221322178
20909308746
1872307386
24207
2350452882652
628100
524689
913348572472
55993640
4765573037750
2070990780
38837824
12153756
12950113428
3280574000
2195621295
594022825
110436484644
2019170461
254719690400
1820359760
30952158608
3062597912
2056775133
263747792
67213624800
372100
5646520152
2101780280
260321372000
3233808218624
12143417687744
2575932690800
437614352005
13029843460
1442979107751
30952158608
4745026104
137819896080
84154503300
180113519198
85856117200
426107150
80139056
185500120464
2153764085
1718567550
4201683600
1387152144
6385680
17282148
298234000
12780834264
128617103408
3469136013
8804080341
1513972856
2398897676
46579896
10654209881032
379363013732
183361233
8569592526
378156640
9000
1834589358972
52644174
20796335000
74016786424
692536699500
446043513360
6242426920
76082475740
12930918896
226219110467
18974218384
261625592
16591646858
5544483300
112775515909
2928657880
2603213720
614301198
9155936
3539451189845
477204025
483817664
3693657456
207963350
9461635799
16010243876
9479803499964
624581556
6447768
87905145062
40330000
144148758784
176240436100
162344366480
47979583036
76792336
581297521568
9149462635
407122800
104755827568
39297996
1294576976
38036951808
35
42131657060
81823528605
12708858528
75698700
76730010000
707574321317
5500
33067235245
3469136013
17147600
343365587
15530313568
23977072
703222058924
52226379044
611652104
9967300
29015130264
4808515971
49461456
1124656445840
106764306
63533998
1341830000
727858152
3025
114251544
3794
6925366995
1434931
152806962
37780486
8894351875600
719873395600
14533668520917
4634106551
490395356
268436265600
120
1615135013
288801304500
53250120
17599358782
1762017700
3529012900
327651637504
717200
28886911132
11166521328
486261600
232385781824
2689475346
32049716810000
54002075
134761110
183414989
32805740
1142182816
27928708000
2629445
276050896
442592510328
198001321285264
55498882
1847513701730
60501601708640
641317600
3007811400
404503577408
73223931896
584126800
44596914
356545352
538860700
198840624
29759197413
187782000
811815494064
9540396460
45336997188
5830160000
3447369446
3676532970
3073866657
4634106551
476990000
164264949228
12294798646028000
76256046330
14004781560
5055369900
112066180450
2416891114
163232300
3757989709621
650910904
1222805696
128617103408
50458041450
3830452856
71083446695
869401476
546499
354990316615
76179036945
923201768
23165552
11678860
4854624
117848
321597898048
71406744
1075812
9613414
4617790331
281483015
898518600
78167040040
4562231520
519137289153952
2696980320
12223781328
41876835
257417360
9843538752
659583520
109285515179320
17572666386
9656611679584
6269213539
11266591776
14632301306
423092686772
2506181738
114233255740
42472102370
30633156120
7217164207
1996983912
9967300
104944361060
591924557
225801588236
13718883612
1682861256
331270389600
26937900603
313094298
43214112
1793043807545104
2990872800
222141738
3674539860
566065456
663775587244
6662124799
6502835424
45010530250000
640479420
419222
635642362982
5768708007363
3233808218624
6520000
16609257936
1940025972
17394136200
122947986460280
4283875200
31523072
34057270475
3732708056
7125963302500
15626431144
2183815766
188137851500
54010
3536133255776
350328728
243464144
4020039945
11535079490144
259588888472
729751
166269294
53306000
30078114
902418
97352235696
1968075769
60875452
342462102200
63489246856000
30952158608
5533114352
12027777220
221322178
8356137433
3672536981520
7677759
41330624
367253698152000
31194660
5471883
501600899828
27580494744
30525096
9440415489400
11919054130928
20662858000
142359504738
1641020364
294215416
1835734914
36044880228
415210656672
55621764
50846064417
15280696200
3672536981520
530586248
9414507904
5598849200
1433520
302338644720
10875546336230
117794203152
10214347712
25872309400
16591646858
25133656
591761240000
49166992
198840624
1668705248
673501183
8026368100
1712265306183
43340634500
14415480063
5837684400
78540
6016803292780
66137400
47726400
632052
176062983
1494713528
1987433
128390340400
12453702240
7679233600
17888404264150
127035988475
56271479
1483930000
1489687777020
355739142
1240498638456
918214535
14464225728
1987336860250
46059495132
203942872
4682645
35737241624
910486191539
44979198
107581200
214071480
1820359760
17711694670
1594032830632
294895582
404552
234172400
121012354260
121263634980
57042416
1557602246
33401
10795595
962778935
4481500
10519366696
43866516
426107150
322674718821
393762688
6399184400
254719690400
156774720274
2740324180
201835320400
467242832
744746418090
1795555300
84331943172
9957033
2690396659
4011462700
17599358782
654096450
31878694400
1443344
23915602550
1168282780
19059873000
455158002
858
15615768748471
239012743508
3059457480
54027079305248
35759808
47165954555
24268776
6428602
8109830306
43214112
4063099624
38789461046
41582149736
36044880228
4451893520
6092540176
138515428467780
26162559200
40149758500
990411092109
4410280
266945000
966403983180
12985924
1038650400
140
2012019800
66816222
3479587376
10015339950
270279265
858561172
213579487345
1164377821
1353
3501754740
367891
450284450
589767920
13003265
7637223717
166976719231280
9783787063160000
1831580918
27441689
318786944
3815504285
23167234998
44793727
294098361200
427335341
1124656445840
29527989216
7247100000
253210859905
1260693628100
342462102200
22117033440
9444172892
334230270
253617212
93013417392
29974434000
7620479704
412242736822
5265032745
344649096
5486612577
128390340400
7011444792
75412470000
63419521232
15530313568
2210256736
59
224830907024
337666595252
711515356329
4926536393020
70091867
14628523932
408142915126
14542
33098128
669004974
21988508974
739712650637
249218315504
594910296
327522880
83434424773
47979583036
4626803
4032663370400
546499
9722428400
222346512
11270220010
1195132068324
28148301500
377867708
1950408
431061208
311331096
12780834264
4497919800
472254450435
762760301
684645208360
1101957
21163670
1965129437480
134761110
9303312
12321
16617955599
28384552172960
3874032862
2287757906000
9414507904
453656312272
464225898
1326693088
9479803499964
664048
1397
396997922
7736040000
3070714101
10698125328
7432800
112443632
17791253933
1104888
10547367355
39975314670
55979228056
1862403103
620718660
446043513360
15188242851
80263681
1543715988972
42962250100
619150
21524374476
97352235696
6382688088
268608738
10424105
42180
1202777722000
2689475346
85193646
8627909620
2804856
9502623161
115726736
17373037472
184163630220
55670848
104410453486
55988492
1397
23670
319238388
2201265154000
67314800
37921063906
10955420696
499503
223605756
5830160000
3227184696500
12143417687744
6152867189
8046628209
589593200
61296084800
14546142864
3607806400
78167040040
3313479860608
68299595091
17464577592
7282512
22391557
2731650552
329515167792000
241490422705
4816043975
152942189400
30426528634
388104076
8614152
641349782264
30043346259620
478679794
92136455464
40188231006
7311963931888
1811115331
49296500
142845164
198579388
1079892212
1897661955620
696418600
55670848
1672066312
2978039916
178915979
6600125968
41694007392
142845164
362004416
4398342400
16099452950
21575994
5598849200
217721394
632061360
4785834
8677299968
23915602550
11165000
73223931896
4072157
9110862832
117794203152
2709491750000
81880078248
4827255672
9414507904
47979583036
450284450
20196384368
111549308
226567362
1581597293504
169309373
412585776
59500896
39184320
28942176900
3526
1577713633
81413556
2731650552
64701419
1991596232
357017292
5486612577
23915602550
91048545000
5849722722360
45336997188
32659466
8487495751795
9620200170
32498688817
2265521976
427385976
70157772
2831590960
72952
10786198080
3297187740
1712820112
2003025556
46398000
151841692131
6398712
461034583664
15885343072
7702661340
1812035410080
895599684340
67215680686000
4550535357820
12812824
43322030400
69053026
7295200
8513900
803649177
1672066312
49461456
17599358782
196514116062
41332393550
1154872622500
61105164260
2313805094
2576780640
419222
398947593789
3607806400
1026419541700
908591876150
65200
18356095100
63419521232
2227032216
88088346
10765891850
19262200636
328865115600
257771
901081344856
10763799948
801638504450
1965129437480
178810045524
32400504
42118249590
40983576144
110326957200
13220000
65824200
16055095705698
52950240
223837074
142986582
3579660800
2446771056
39087836
286872444250
15754226
727511400
402003994500
665237448
60005271303320
38437317322
48276530113
7108096977
467242832
5544483300
1053535696816
32349
2359188900
18845343216
4178546736
1182115
14799398977
37303123221
461791
14415480063
642145284
12235875120
28169251
28641330
33581798824
4916699200
10236471110
4509818800
4485601274
4063099624
26162559200
2273673002648
537387
15333320800
2110828002500
2287596850
29721308000
75272400
3224973444
24689245
13588304800
137721777094000
2398897676
20979505316
3824546
3657262520
6613040
102722142
163901600
47133621997
13304408615
1599699164
618169108137476
1143042211448
5780730429
24932006
13008362928
17620177
16766815450
13347994635950480
1988127845
1417363808
47671449738039
226219110467
188316942
630683522704
428804243
28453654256
238
2540836
39467345644
2201850385
710448
8590884544277
157874774400
634892468560
1186521387395
113295299904
10955420696
11662827050
19778878880
857974608
5150501180
162836450
5551062800
897688
407282850240
683245220000
426815816
7377176
89516441
2556355873040
12027777220
16766815450
577344837
28641330
6329220
10765891850
2341724
23768498600
208438020
18029176
16930937300
40926996
29363950
31560
255782451024
226981
98549
739712650637
25741736000
5701162936
2356217
22624526463
1744412971
801473970
4947376888
1724928944
180821442
29473642247
223837074
142714442154032
376107779
19796641200
330727620300
3219784963780
563756368
60005271303320
23167234998
81789240
26288276648760
107258950
77658595553
2144149140
205842000
1819227400000
114665155
4859765
697191
2350452882652
33234804000
1653672651552
289843829
28775258260
2107268
22537900
74016786424
136867933096
12235875120
60875452
178471800
22201885244
594110
26947738598
76982553313
14022
36200441600
224830907024
65217546856
31997910000
58959320000
1778821
10571408
1877820
641317600
44725896
12235875120
254719690400
124378457076
3426848829980
552637840
16931700
14799398977
190221588
1412616
12780834264
243011486916
15129
109932936
3417948
2051309221865
18073889500
180113519198
972556848
3842
393210
801977794919
24312824096
5667794352
463109390
718798682
2826329500
11711487573
4137185569
13180655656
114665155
170953223017
2770739512
6555365
4450072
196406882790580
1954826400
52201
411706944
68709100
278958577
91821453500
465528000
10150
52226379044
55498882
653576968
1060679
168666528800
844666032238
1337124404
23670
121584560204
71083446695
44530371
10154353916
1881378515
13534110448
44496480
39636204
1335882800
1341830000
63283026
2354071272
11365311456
11829529074
908591876150
17805412247
11365311456
930090196
117688816
22120272713
1000272350
42610715000
14202545725
10375602743
813960
639525852
112066180450
15517
290585544
16766815450
39467345644
3133446800
1977887888000
1199022
19922268641
2308955
329515167792000
4945554232
13534110448
6324400
808426930791
430911214231
1120226443825
19262200636
78664380
16766815450
314880508
106453585029
67215680686000
828321200
996069788800
5770470870440
257771
3934443468
16813400136092
371365
58823764
8390437340
204890000
163522512576
69400184000
1184379800
25567326839
1322
34642064
11928615
8951644100
3960406
385239616
3676532970
451983265650
2179390200
297213080
1459040
254719690400
170455932145
121451033
120786
76746559610
42838752
2019170461
397289990650
18341498900
118957419352
259510779
5049584904
3073866657
13588304800
431588355732
15372994876
17303013814
2780280304
12230750
11381160
22391557
19857938800
196145400
6121465000
5702000
65409645000
11744565000
2335746
12251010
19857938800
1869429504951
11567640512
2408011168
6396726000
425255160
266956536
393210
2350452882652
1693170000
1586153
450284450
107009401076
1147148212588
11365311456
2153764085
24091900412160
1519040134
5910575
17130560960
9540396460
4453037100
236543455816
1371888361200
5775818
1987336860250
5655255200
27273163213480
1840015730
788186222250
5771579
1997108384
406326400
5990200
52976483725
528205051175
367055485870920
5499705600
3672536981520
1417203641
4765423344
707574321317
1003817577
4373464368
12746130
406879852
9843538752
78540
20196384368
192190936620
201900228
31997489964
7839786680
1168307392
476323332053
706898400
8816213670
4462173294
3765821643
23915602550
2520147
88088346
313013403416
2621399900
3295151677920
2184373268
14996260
6415445570
16010243876
489834081
6092540176
196
63419521232
87431217510
37850140800
2853632304
1650904016252
339337096
3850696885312
1777658073388
419910588
858561172
2393756620
55308528
256525220
1208923380
21940953880
6130063235440
13347994635950480
383141
610342157482
255782451024
54
427216064
1736715695
84135588712
4736269328
348920282144
239012743508
10302250000
2821777420
268562667501
22396111470
6600125968
1337124404
86930568
454938
17129894567216
421458730
76746559610
104944361060
461063322470
3326543493
3352334136900
1260612
9834842858824
434450489
135711566
946837668
340570860
745800
986733
328996008
74016786424
69348539843
6242426920
63283026
146742
353984008
11194800
1104100300
1023431696700
176319519608000
6119824
23591889
68807530696
44678014398
594910296
177521755895
423302106256
1018514992
1104100300
48322656
7433246585
4687178650
79499411010
256525220
299744340
26718784060
105593864855
2857081720
10590568285
5003594750
37427904
350335900
6936612681768
35112163212
2737161200
1000272350
4753849960
155063011600
1084039
828570600
101318019008
3222015630
6821355723
668239868
5400072256
3657262520
1215375600
266945000
11998467250
2201265154000
71875872
1244548097200
74016786424
107465
17703792400
371688382656
101168095000
5076462294
273927855140
930090196
243932140072
304108356231
515862402
514628226108
196145400
5163663
26772600600
67681539079
1712820112
14683944344
554863
796960440
5744
19302138
6610151528
1681825684
18199831440
67567344
278417992
10204874274
1975014280
790944736
23768498600
201799926300
63419521232
1651903
45378635976
60400544
397289990650
163901600
1309583021460
2015580788200
1557602246
162344366480
60005271303320
9560896
67496890712
1538036416
658443252
6485525200
3113922960
16636012400
6838830652
4785834
16823389380
2652527504
4091695201
30078114
460123020
1049525
43547133700
469514585
430780608
337159043837
5110859916720
7255136
105804665750
16719909360
13534110448
43149160512
18354289006
12606936281
3672536981520
26737511056
86799258
2634943900
315804147384
22589690741926
2270132192
364821013872
7034423128
172216608
19010412168
1165524500
3982048576
5342438085824
12654
2949117930
819886200
11999843660
128691409
17244543110
542640464464
166976719231280
22836455164
16931700
2201265154000
2674685600
1028761970
148066079648
8294900280849
568283193800
46562840800
26349439
19010412168
275915771568
1641758279960
9843538752
58452452
10875546336230
3501754740
6640843999440
15480974792
598290374
371315678944
480583480
171890742584
188137851500
417562173336
6396955049
3126557676
119016503200
2002451719
177970100
48276530113
12538128465588
20120198
187782000
684645208360
931905784
1538036416
16154036914
306430644390
9502623161
1147148212588
2669450
26824515608
314025684768
850212
1587688872
6622032
105623108088
106030282344
2551953808
35737241624
634966662
6954
4416473435
4093495000
2903783789
63929278084
1861662138350
11574190790
44815
3280574000
58376844
24643816352
76276030100
1648051888
450284450
66341
740462800
1383133922472
1003817577
6060467717136
15449048
25377682424
54031729
990411092109
83352271928
113036119768600
653576968
278704572
6598293594400
3269343880
450105302500
10842264946
797181000
944111588
272085801312
7593568
238
108092115
181111533100
750505295952
371315678944
13748119
699482884
57440000
10571408
157641242588
17572666386
18585942880
343684676220
48276530113
631390824
908591876150
11203143552
98916345877
195040800
32400504
7323756
133437153136
2821856520
2313805094
76799824020
1698036897477
695400
1049848855
620718660
9859476
612735200
6805572
37016059200
36396416
7569870000
3815504285
16055095705698
1152029545909
538860700
12465722500
11667469
136026063712
2928657880
111948
168195299076
3977200
1106175798659
254719690400
3216687250
47534329385
2831735430
4324987572500
450105302500
230391728
78435542000
728704491656
6005987708132
844212155710
7536844836
17394136200
591212
184302399540
429795132200
244613721548
56271479
66816222
1713708
192190936620
2931599
18070493300
1892739508176
4701245736
220185038500
7143511000
225801588236
867593346172
152806962
977304811
67700765680
22355
49626369815
3399867600000
2008384225
745800
14641433024
40720514737
652415041600
80561316
1120758686180
66701326756
1821371519685
65146862
360863140
2183815766
4093495000
1565308
508697668
57317346504
10294312073
3312177760
1370405648232
19796641200
613361636
378501408
356545352
855435935215
494802549445
18903354336
5099059560
281432648
44345350
9093385000
417628
328705027
18850788
2910517292
150907719732
4497919800
2292122028
9014434179632
45380184
124142112500
150907719732
71400000
5478726
153177893
6173250142
1713708
105193804
134897340
524280
562988896
300917799546
117735369
467040816
12230750
8590884544277
104944361060
167684592
1133247500
2019170461
26378398288
5500
723276
5210667864
4102100576
176319519608000
542640464464
5403172900
5342438085824
1844019240
17135019578574
176136854440
172027366350
9560896
28263295
25339413
441691099920
71638864
508332
801473970
3299353600
261540087
401497585
3863614
7169617970316
187442172440
5291612074
1105042786800
27086458
13407634800
5043817519264
273406468144
68807530696
261711838
552637840
12851381312
66439944
1747684
52976483725
86014870900
3299292131
397448117
5022335697876
1118875800
81608
33423027000
464225898
114233255740
19796641200
26349439
404552
65856637
5984370980000
12138645680
17572666386
263889976736
2073503641958
9450429
468756352
56015652512
1411846688
1165135530
46951458500
15333320800
404766483
2292366241
39975314670
14839300
34122006555
8734253541839200
28726175
4859632800
625
23630124
31194660
6167942
496068122803
701299228
2483808992
4092699600
654096450
32399652352
111650
1360205558424
3604488022800
1216408207048
216040
5226480
69348539843
10842264946
36482454563
24978192018780
4930585
130991358
462120000
1965129437480
36372961
972556848
1246737167552
133712440400
860148709
346699374823
2063271728
508481856
414748320
585709472808
21462904
39997592
21847348666552
4933665
827996400
1763195196080
12453702240
3062597912
258864899103720
3755809898
348920282144
54694361050
20695163665
171299210
81400
17867904
314025684768
447886704
662203200
994449
827996400
43866516
123076338
4255103300
7884044266
9414507904
1147148212588
354336800
8677299968
286266882
7991560
7785577057
59416088
9110862832
109076975000
598696700
44979198
24445469720
14726327320
607892460
11931
371542320
3464206400
3644999848
4827255672
10786198080
3519770100
16823389380
5057382
5291612074
4416473435
341043633865
2586680190648
164541216
1302984346000
40926996
11662827050
3114918874
5583248800
72842352
2760851489600
4092699600
63153072
66701326756
39297996
542640464464
7432800
25339413
333657472
1387152144
26279028
701299228
273927855140
206285475460
25256011244301
111650
2869793652
648121415
52644174
452376
6204666807
225801588236
2831590960
320709538752
559029096
93771427576
80035449900
13350632400
141184668800
5389216
201799926300
8171064
1813768236
51525403200
19908758100
23591889
228652588188
1223152322
564641848
1178634500
46179100
10226142
101500000
1961454
15517
901034172824
67215680686000
87751915136
133506324
1228150
1778821
578593016
1085000016
25872309400
3831443000
7248663100
14210344727
1309583021460
1763195196080
290257572
10763799948
29201454000
8770003720
24220354235
5003594750
433220304
109002
105593864855
67215680686000
357817600
31560
4093495000
286872444250
75272400
47699
501600899828
32809267640
95955741464
1862487
6060467717136
556458155
898518600
136949128736
10084037905032
5640608
22242291720
39143192
4966172580
2921938000
8986890
40149758500
23915602550
10429825812
64026400
639525852
5830160000
46216512
358142620
16179100
13877509812
4120309207
17174639487
359562596080
761552560
74428109700
71875872
347686
8970300
23585640540
161314110268
961180
1861662138350
84135588712
22836455164
186847824
20649748
98307915244
5210667864
96277893500
801468
1021150827
4213131556
270279265
194553190899
15626431144
365389794
38094208
3593719700
867593346172
6921520
26534175012
10429825812
99068622
28904839280
4436300
350680
357893126879624
694001840
24643816352
577581800
54401096552
7237200
30633156120
627220
83840966272
578753000
1881378515
3670232192
8797738
580570184
36078064
447886704
9014434179632
6305969936
396741535400
261625592
8160800
41351887210
1000272350
3399867600000
7195060950
417562173336
426815816
10015339950
2273673002648
1754628742344
406326400
5108910
74917864400
58301600
119851328136064
27354819600
754755730476
2595168688
25532
38317404240
14683944344
1965129437480
4268808010
16804102094240
78566000
35796608
55993640
36937023
451133760
682855461
27354819600
275915771568
3931023
151067200
69091
565059107200
292707723980
895320
343141260
24445469720
1041550780
2019170461
74030032945
1258674342
570200000
71904144
41876835
29015130264
436178027600
19908758100
7003651428
1690722326
27955972728
353663184
1266619565425
28143264800
10764459552
1168742061424
86830628
391201
32004811510
1027188343300
298044092500
11266591776
261711838
59937802500828
3216687250
284947719802228
13407634800
1551874202
4653427464
617278960
1499626000
5640608
245944720
24351767536
321597898048
6152867189
49505227200
3830452856
10842264946
631390824
13880036800
1126895
627220
38593146
1345738346563824
2012019800
136858060
92150992
8204195580
3716326044
2287596850
18903354336
3660122620
253187411
694047279520
954039646000
1023431696700
10328337
3072157880
11702574240
695802800
2474
692539730
353984008
365276789762
10786198080
422860320
4113839796000
2627902800
8614152
469514585
66103133600
4450607728
2282129891584
134538250
1965129437480
12288162960404380
8390363311
15885343072
71943175548
4277718407
6398712
1510672
15626431144
262063324528520
30730092
3245398056
29201454000
863940
1920770
1572516
5379422576
5512245
129495325
7248649321
12453702240
123482335855
2706143
2947535844
591212
700241940
19908758100
28604871454
362004416
3791520092
537387
117688816
3048055150
29442324
124453144
249120380
4307062774
433220304
15600263133
20172444950
223605756
6790068560
3755809898
4389042700
27006545224
2438592328
127992018
2111749472
2070990780
788436
884793936
35112163212
347686
25318741100
46469800370
16838943200
512957304
1997108384
84154503300
38474653980
2575932690800
140
386656211200
48276530113
1965129437480
397289990650
3163305408860
1041586778
21544035790648
1190165032
526644802097
1165524500
18153340058
5193479
3425985448
15333320800
563911223820
281432648
761552560
3809420800
5830160000
7568605
2503114072
1023520841576
156446318
24161128
6392927808400
3126557676
2137630685
13407634800
120917406
5090555200
294215416
4317287520
180113519198
1530586212632
135511810416
11574190790
43547133700
151999176000
254821072
8959
73336656
245944720
188137851500
15972317398
66588289093
4765729500
2706143
19056618025844
66066220
43725786
399757832880
1494713528
226567362
1003408000
2917548420
832685700
1641758279960
7637223717
962778935
11702574240
353663184
489100812
217018970444
398947593789
498515572016
10786198080
3295151677920
2160772600
1531119025714551
1997108384
364850728
90889880
8345067228975
9843538752
643516011
2063271728
11919054130928
166643350283740
517800032
23971010348913
83606498
4816043975
1714760000
7027040207780
695024
4118450832
3114918874
19758034436
7125963302500
195796735
11829529074
1744750224
46524240
87907160
3608066389956
329125064
437614352005
91441418
190722775600
195362712
123076338
2352751870
18195651405
8970300
454870759310
700769580
674987665
124142112500
34642064
2857747390050
152031960136
728704491656
151946424
95207161408
844666032238
5495102524324
465528000
34915668
1216408207048
3540758062
4550684760
4621200
1799403474
613361636
109285515179320
34470128
739745973
113036119768600
269039665900
17323816592000
906658164298
66588289093
2122828200870
1965129437480
255782451024
461063322470
91821453500
25812661
103072963041
5049584904
879298973
2350452882652
30270751000
2747429160
384660594816
6911384364
69348539843
42344348
458780611373
4011679303415
1135497066411
137721777094000
9620200170
1258674342
3739854360
417158239
66972188000
234172400
19010412168
12935105856
2341724
653576968
176934
468037764
8258483
22133104
284858800
28468404
14726327320
1457749495168
47534329385
565059107200
17703792400
1886190581
7279008
2270534217568
8332678065964
4071766512
63447355650
869401476
1648051888
65856637
1587688872
29206340
54808392853
20979505316
3108950352
2926110960
481604397500
748430820
5530852800
3252259523296
213346618725680
2233000
99379207204
23768498600
51460496
19386447971
1882080476352
39141871
337666595252
2137630685
712707880
126592683752
962838701
1041586778
89245656248
10698125328
893708320400
940019954417
51525403200
27841799200
1370405648232
30478134632
3044012177770
63517152
7587941355
208018465568
40607712
42838752
59969
3613164700
3498975940
210197509494
425255160
32498688817
624242692000
10058600783
186372996
26947738598
515254032
2869670698353
24751712129200
334884390400
497278950
426243720
1861662138350
480615894
15788324500
10018776704
1041586778
1996983912
102216457779
178844796550
48322656
265441728
43983424
278704572
371315678944
366942928380
41981
454870759310
148267924784
9439080
107122
3128352546
756048
759547430835
3240050400
174421600
562988896
22797159196
803649177
1988127845
1716477147
2287596850
6964186
273983056
621328697500
1106314568010
17534
63496666200
12366005792
21076571728
391912407
104536188
19010412168
568283193800
1671410664
22120272713
166433594752
1249829
695802800
508481856
6325480000
10765891850
60239838311
47352480
660211992
15002155408
8303482
10015339950
30270751000
11762910648
1915300656
384857983674
17303013814
5780730429
1199022
4311036477
53436146750
6060467717136
178844796550
235935065675
394270628470
31133109600
2201850385
18732077540
125201615540
291863244560
169309373
262944248
3714576228
87530791
11381160
163522512576
125400
14997948
249120380
316339768
4617790331
611839404
324921576
649
28143264800
11678860
11843798
495564270
6503332
190221588
124538630188
784355420
2509124268980
5268168
200137357616
42610715000
650910904
129649795
24751712129200
46843698
3066
4945554232
90
5296166064
78
323865564
5436374580
4177845227936
2990872800
153395998
51494541305
3931023
106067900
380152
492745
255782451024
1483479904
474840156
10920626173405
15885343072
5108910
12340205950
121584560204
3905659100
1997108384
6613740000
1911314365
44846340
21544035790648
2899045674
419036288
8937083204
29980899074
7195060950
337666595252
1411846688
750505295952
24604
262951600
4736269328
8701191
25872309400
5076462294
70024194000
236798364448
477909288
4859765
4081
2857747390050
9933808
255378762788
469051800
7123738454
8770003720
2947535844
227274303550
6127654300
4767469795
87902561010
390155214752
748430820
10911295431
574400
23165552
36396416
41979912100
11325132420
1999
17337
74030032945
24978192018780
181930776
984680851
895900
66588289093
155831088
12153768
292014540
22355
23003758393
823176
9110862832
4550684760
589026597654
11821104
15333320800
15258673584
31402268752
709305824160
652000000
166433594752
119631401750
501600899828
152031960136
67100
7295200
80147397000
19186376
14324057399
12935105856
9884905496
11708620
249457270
273548196
123
35112163212
5331626
1812473087600
216077260000
4259750400
14122937444
34122006555
1021326
230052063728
17703792400
371688382656
13316952950350
12544837
6092540176
19059873000
10335372948
61214650
1961454
4974465
48111126
583289129556
11039468400
719873395600
2282129891584
181716
558250
7728179550
28775258260
119892739241
3668435646336
351663718252
82038
106030282344
27006545224
2206685020420
200247411
38437317322
150708
40565885384
335505715984
67700765680
339337096
288954300600
39961909512
4063564066324
13880036800
84154503300
4561824
93009019600
253913445260
12211908
419036288
18580022136
3998858174
448468544
8290567936
145343751920
37585192
716034
1951659206
1110000
12606936281
21109348103
1147148212588
6954
25812661
8204195580
192163579456
31055275692513
1236600579200
11373440742680
643304
53306000
495601609572888
10280100868
82343800374
11819812136127
663200
10302250000
11919054130928
1639016
1006566834
92233553503264
321597898048
3277708556
3508546799872
102592495
1023520841576
628100
2846840400
3672536981520
243011486916
7144824
144334400
2821777420
38094208
19381495233536
39636204
31697689184
2239155700
3062597912
5486216596
294098361200
46478256
6911384364
263682661
4255103300
2652527504
11325132420
99955424520
487798850
265964849788
12300
448226610655
2313805094
2048900
6485525200
6324887121
103928800
7311963931888
33581798824
34234314
114547020
16099452950
2818932
1990543115
226219110467
1249829
14564549650
2220902508
69455298
329953680
21861763
317953232080
19059873000
424634476
75698700
141184668800
609168
185001092332
11548726225
141557801976
10280100868
792471400
1122737
39961909512
296308950
694047279520
151999176000
126401980122
14876706361693880
2447559469600
114233255740
4481500
32349
97133478
851390000
1168307392
29473405458350
450284450
4198771186368
46524240
6011489
4175125652736
550000
10763799948
16154036914
348920282144
718967045
12465722500
157883245
44345350
508332
390565910000
10869954112
27955972728
19056618025844
102374544521768
9235820
33933709600
10765891850
4769900
80147397000
2316555200
59416088
54808392853
1253386858500
1015000
23634836842976
75380440
2949117930
4396000953232
36433955360
33845840567
6382688088
1617231626448
2910517292
162344366480
262951600
483523200
615286718900
51380393256
6821355723
169682453056
16823389380
98307915244
118974888
7487190252
33234804000
356405544
4139460000
5922442
5488
158768887200
1021326
123569159
5763360536
152942189400
189689974210
661780000
89590000
4497088682
1262766186
617278960
105593864855
56198010
10842264946
20278052536
41655592
614301198
3252259523296
11829529074
235621700
398713353028320
4687178650
24323023
568283193800
119631401750
2595168688
641317600
2593042188
2839241485
5259064344
384159382
37880711
92054873512
566065456
4321411200
171010834399
228283
6398105686
5259064344
1639016
194448568000
36128310
60400544
316625799000
2213310400
19628462
469051800
20487357
53659097055
7573248060
72053928
10763799948
13091815352
7123738454
20979505316
6119824
48513080
3668435646336
5099059560
576822384
5986967
109002
393221200
1367908987962
996192050
7282512
290159897436
471226272
591761240000
563424543
227274303550
52976483725
14007274332032
133653567100
11768881600
3639641600
10869954112
239457673350
265964849788
4687178650
198743300
2275194601
105593864855
25918387
3891314593820
30240120880
1777658073388
940019954417
8160800
103072963041
5714337294400
8294900280849
10786198080
671163851504
36832218110380
37427904
119648694
19908758100
212884
860148709
915593600
5714337294400
151946424
297213080
22877579060
10011914
2265521976
21041986950
20278052536
162344366480
209600595720
27754555690
887260
5644743752
127687448
6232
1626508900
57860
54694361050
1834102359649
3508546799872
10018776704
170774755484
188316942
14988618108
1283903404
11165000
533060
89559968434000
66088694643426
29908728
9705846
66794140
85856117200
2560841
99068622
397448117
69134306378816
370160592
10424105
80041217236
42597504
4210694139388
8544569562
78832761420
67215680686000
9705846
5305020
327522880
5057382
59274677
7839786680
21462904
43191722368
128917455849
1298523946520
66103133600
19579625200
41660713600
983528589600
4361780276
119631401750
1531119025714551
24019234092
324921576
72043025901820
138715214400
371972291
2621085776
415210656672
3757989709621
77411880
238461968
39087836
615873412
5941608800
227274303550
77557538066
48238142107
6214722612
351663718252
714000
73855509
214414914000
735580650000
6810650
46179100
63752150
5129532
327651637504
6643994400
12779360
86416085000
42118249590
347258000901
631724528
1718567550
59245430
2002451719
129649795
29400301259
1042410500
1520332102827
19711338930
742824
27227608
3113922960
173238165920
3729423448
4101216000
41351887210
20514
22877579060
31309429800
2633133382
1763195196080
23542823983
853380586
26650900
4636608
769567182480
15581548090
113936939952
394999229
9566088743
1593010
33845840567
489038416
49806600
28668246489
87905145062
395826851
127035988475
11999843660
1249534
5199831024808
28904839280
20695163665
3369772712
35363248888149
88544680
68807530696
1844019240
266956536
109076975000
214071480
32993536
895900
665237448
4372236
659583520
548800
4237635776
15626431144
541224256
7255136
897030000
241490422705
36131647
1494713528
1188347970
24220354235
72282936
33365747200
4102100576
517152558
4259750400
379599472
71943175548
489100812
68709100
40721061080
16099452950
123482335855
3119466000
84515067
418437221300
15194642400
84331040922
722573869080
869023
487993
41225342
1763195196080
40188231006
17473705272
528205051175
10763799948
50979600
17394136200
410190
56563
4245825600
14324057399
501600899828
17394136200
77347868995600
310896245
350384
4198771186368
86014870900
95450299648
14546142864
1063480077
142956
226219110467
84154503300
15600263133
25875149098
72471000
313013403416
28931657808
210787654110
16617392
65152165698
5724514312
39450961
250176310412
4389042700
2397707200
2509124268980
8582722
1254483700
343365587
5331626
195362712
2993245080
50315458655
89245656248
32702898990848
4013358008
310806684
3742790400
1190165032
22836455164
28468404
221025673600
7536214556336
15353109972
21988508974
4687178650
74917864400
10547367355
388104076
165190300
82632137
9859300
1991596232
1468569564
2408011168
1712820112
682529364944
127687448
109078808160
641317600
494802549445
362928896
92233553503264
21288400
26184732
4505337532480
2897520800
44008330
32804580
10335372948
32584002
171299210
1343643330
6375215000
623200
1533332080000
350812658
54002075
328996008
201501971
72842352
2869670698353
3914187100
3672536981520
7648
3733742358272
7144824
42610715000
2482478040
489834081
19796641200
1862403103
133787486684
166194539200
10765891850
143328278060
16904941472
1211113933
364850728
20909308746
304317300
4113839796000
70301574483
494802549445
311331096
741600
11266591776
712707880
76730010000
2978039916
54031729
4063099624
221015061745
42962250100
143729237
280827715936
2459698486624
8137205703
663200
27273163213480
58623436
2522419592853
235621700
1090769750
514182437104
10869954112
216077260000
996069788800
603100
483817664
34248289801600
8219742732035
1626508900
73336656
376577454
38977048
32659466
5103780
5403172900
1956761316
1055183544
6516
64277344
10386504
12340205950
251653369660
267446805850
492198143816
4033
280827715936
3369549592061
731126072
20893925948
692536699500
14628523932
1819227400000
4550535357820
71943175548
73223931896
714154
448150000
584504748
60310000
70646472
315920
2464825
166194539200
6512624
12294798646028000
115120698991
74580000
32805740
25088568800
6167942
67215680686000
7006718000
97234
736152
21697920360
301858579
16823389380
379363013732
42458256
1106175798659
3672536981520
1812473087600
603100
9155936
174421600
4511488165
424634476
474840156
7027040207780
46951458500
534758059
104536188
3905659100
428804243
244636213160
16423749
25088568800
112553758
4372236
46216512
7910543982
3556191240
607892460
200838422500
12780834264
941467062
14280646
4398457805
3967203060
11535079490144
2716352631
13090620
22320827790
364821013872
492965
55703200
2669450
616461307
503481704352
15372994876
7889200
37610777900
3675984414288
777915596252
17473705272
30613356000
48276530113
4137185569
131369289
1763195196080
49166992
2575240488
12223781328
1724928944
12728100
1168282780
3137225745
32760976366
4361780276
401497585
417562173336
10375602743
990
399757832880
25080
193821947
11166521328
81823528605
3048055150
9078017335866
42610715000
276483540594
415210656672
68098602
2690396659
34201216
32271846965
9502623161
192272393770
169317
2652527504
87530791
74030032945
4978088
24351767536
2350452882652
1494713528
35654535200
10590568285
1768424764227
321597898048
37408512256
16516555
14210344727
453656312272
99379207204
3579660800
1409724660288
69200880
4279452118540
19096333452
23472434
273983056
110255386
364821013872
