6280659
393606000
596534
72
589731
1449770
16647057
319725
140054040
1909215
1456320
1953
154646415
434722500
15088000
7514078
172260
15028156
3795000
25463097
48
145804050
508251744
583800
75207
271950
122200
17611800
5982977
3671910
1313550
60260790
401065
10546721856
51169860
1679040
137860200
2953105438
350060
1803974
155261610
506741130
1879380
132322680
11775412800
157728
2223342
1933440
13120200
2550413700
11092636126
12321000
155475936
15262200
1571438776
172337760
93397161
811260
8329056
680166522
3900971
340380
278160
20216252609028
241560
11690544960
60504192
2835
2986568
425500
81522
727774740
195718950
14917774
43920
2029170
11127
428715
6223743360
3555436
4482423
2447969580
609500
240
76986
1528350120
169008003
2817500
163700
668334240
84180000
7245000
1592801
239775000
41843945
104195700
34162
130500
473386914
1763544
13593000
7219872
10123
105203241
4347225
3857661200
12261954
312861120
2719594944
103444740
83239013
21631500
15189
360000
135370
4850118
45643500
1031310
3126496
184500
12740
24277671
49950
4405590
2464470
14597530
35
14190
2322903
3724416
111103272
176930
425500
1352100
5465943
11521206
1493284
18214899
246372228
5784075
1026540
85135050
17009370
10065913
1026540
7591296
127837710
437000
2439130
7956806
17953398
778111110
2888808
1376892
85454460
103444740
7581120
117288864
26731086525
5647680
13120200
4482423
6583872
169973370
15007500
77062860
1830213
786390
972405
305280
105203241
20146290
24644700
45682830
2715845940
594000
468270
9174308
179160660
5449020
732367818
211764672
1189006
118503
1820808
650142
265
1539630648
1944450
25624392
208500
3106650
99230670
712236
3162536
7380
41377092
2738751750
108900
6639840
11100
378000
60140160
10778670
5088
150448167
2802690
3079197
907740
50819832
645710
2226064
145804050
3600
15645600
1875384
955260
2685600
2000414
104195700
27084
704938500
12124704
93870
89685372
23199795
851823
273875175
5088000
91584
1510582500
4846
1445824
130590306
569205
5093550
10906800
938708946
907095294
366300
18667523
1196432370
466804
2434014
290
140070546
1444404
63123471
25526628
112860
171418275
80798640
20222838
1953
30163
78970
1331680
366300
1014750
4165560
7110180
939960
130256400
92149500
20879100
141900
233662
153665190
1860
100
126730000
1712160
753375
732
6233181
4193994
2116275
52228952
31803597
12940
35672265
1953
18825500
3052800
135210
18244170
2464470
109011219
169677144
11293905
804195000
1302564
4959360
115000
3189420
5535
1044491490
4968555
1875384
134585955
18192523635
353239488
939819762
11672500
577206630
14979486000
229767000
88018812
107643450
20173332
14128372830
688050
2072862
3646448
3343410
222904143
1330228
73320
2843820
49847136
530379
146640
63010800
363660
20777238036
132621989
18244170
46190
56614176
617211
77281632
13965646000
2467872
96151860
280503078
508800
4500
108000
355803840
1448550
1510582500
176569470
4819122
10608480
49590
804195000
153342882
357399
172337760
13155933
2669139
106084800
82657260
960384
543924500
3817380
3324141828
519466500
6187860
53728353
2087910
6497253
32181975
49271937
18825500
98518800
1461587085
94909815
2766960
1235097000
78834269085
15072453
53015000
519241
97970
1957504
15008310
10560
5645970
2638188
867141
427020
4500
231997950
30796200
17109
356500
69536
240
10796294
28570509
3286013220
4320666
1510582500
73200
58512000
14900142
1512
98220
231604533
8600436
7521579780
727774740
381938640
28027167102
121467780
945472500
4501068
4598213130
12673000
24604623990
207000
27816
16000734
2334342356
13120
118503
27
418309920
89685372
84838572
1575090
14674230
31286112
56476800
16859790
83140629
14188425
1044015739200
432960
1128600
195918345
3413145
13768920
5982977
62646
77640
152640
72681180
69597
701001
7219872
150448167
798399000
893970
28191285
168825447
33000
2238720
1563738
17496174
24573780
58380
1660168510
3385800
428715
10874670
120
1603264
129400
56620
4891320
5237859627
17132850
13025640
36
1282066500
430650
365540
188541180
6911500
3724416
8024445
1987979348
894504
5341770
26423205000
1291248
167382780
720
1744356
2297670
3286013220
1661555
100
276705
292717881
87050592
8144964
91335510
30
210357
5838000
2297670
1930648
20197204
114863112
2450
6251646
1823224
13120
2467872
353239488
3413250
45
68050
1584616
19209003
2533037364
2802690
2606756796
149200
16318500
1379
372441600
4461930
9791886
16000734
70
4950624
4165560
15008310
166643190
389511762
86761
18990990
1681894440
100
12540
52610175
8005557735
1246560
97178130
131355
2114310
69930
14881000
5673
684199230
19654566
38576612
2454705
5639760
2220100
17254136025
5475347610
461160
3757650
17665785
1953
195981660
865224
3706290
26448
320544
911340
387410660
45297764
940704
4034400
36000
306
165390000
39
600000
504819
806664
72987510
3634650
195718950
1677258
21606088266
402569000
12
258630
8725431
6675456
2700
5093550
22160069
171090
422280
9107172
105489468
66600
1656120
524730528
15398100
70920
7010010
484
66600
2029170
5358240
278160
7499110
10313100
131200
4500
50565060
1283407
215034750
765
49685550
162975
13593000
10608480
1919
11566269
3247153200
2400265
118200
422826
5628861
160676063100
5237859627
57304822
13152114
1885411800
1444
510825
3706290
3343410
5093550
83600
3550670
52
513270
153342882
1225420036
49590
14900142
5341770
4034400
3205440
8576470
40770144
306
220537800
62
70920
2447969580
60241753
569205
127710
27130950
5913810
6627804183
51188760
77622300
14053000
385766120
16579230
82657260
42777332
26515641
3205440
856359000
5135886
2430326556
1362784500
269990
3686256000
1957504
42180
2520
290760
961
1038708
36974
668334240
28224645
91748160
3693993
3106650
23143500
77592
77622300
2013561
7812180
7591296
414
19972890
10139450
457430
176569470
13035456
75491892
11820
77281632
3079197
14920
43470000
5475347610
1442320
355803840
2247352695
376927551
195718950
2726115
80130
1436340
1356420
1860612300
381421
4597164
31018680
325897
2638188
3610203786
34681794
1226195400
2529480
6639840
5179545
91086912
45927872
91086912
38000
16542214
1346644
24500
154350
22631610
1026502470
56430
174673500
5455587648
31108200
402569000
673410240
89400
56696
12220
7171404
2463667466820
171090
127650000
2900
12820665
914806305
34883277
601605
4623771600
1811890768
157048038
22447008
13117281
5033775
32237730
3110820
3697400
429999570
45
1581268
20142675
7380000
49673514
488620188
25492410
193344
3206528
71478
3137105
2550413700
3290423976
236802
50880
477610560
3110985900
16522662
2442404
313018965
1252592
97178130
391704768
20197204
18854118
22910580
400
60285141
1079629400
3541856220
171418275
939867138
1513859949
2223080
28106000
188256
2991975
78311826
293304
7899235000
3781575
450
1529508
14778897
36195387
801928512
23977500
945523530
634152519
473316126
22516137
1054511514
807701895
195718950
492167340
728674947
804195000
9063964125
13597194
22139046
1147538637
37
46116
950544000
73393200
77201462268
1947060
37244160
19972890
178110528
4968555
40114
8125200
11460
17760544
2853759132
1369
8221500
1512
20929887
8280513956
2250900
473876222
110954340
1077867
2735520
7887249
4790641950
12435072
160515810
89397
1710900
167616873
668334240
8280513956
24
1425791430
178605
11850300
3813
86749440
64635
437000
72987510
2100360
699300
9286701
95981209
2447969580
851823
10500696
18039740
895397040
548679000660
337452
151890
4975110
2136285
2446550200
39218850
806520
473876222
1961
53000
37
1199730
2532032340
1954880
473386914
449160
69165
6178887552
4370000
25433001
1317600
111270
937503000
389511762
1674436
38856660
122322000
4825419750
3721305
544902
368940
3686256000
98515494
8452770
103583592
444392520
313018965
8013
139533312
11500860
704938500
1584616
86744196
27009045
3610203786
131538330
894000
11500
15645600
110505
23977500
2298582
2085
47265972
111103272
5832
114475410
9569070
738000
91748160
511710
16738278
756
1068330
1581268
8652240
753375
3634650
11189500
20728620
325897
149177740
98518800
91258650
44916
27404500
20929887
2586300
7796649
153665190
271950
1998000
9532481
67551498
19800
815220
60000
60025
144810666
491700
32181975
1827
1529508
3538161
473316126
2116275
85554664
127960500
769860
68253900
3467828700
14920
12765000
2223080
71157242
427020
93397161
145804050
126026082
14700
1101870
347655
7812180
443394
65846286
131202000
1198284
43276662
508251744
17135000
2280
22133877
166643190
70713500
2434014
190619
311889312
113650362
18031356
12350970
35460
6240557
82215
390060
15789213
74466
33522672
87050592
355803840
1247400
11820
5095740
2250900
3180
16037689
146640
90489420
24644700
174673500
443394
171350000
1232100
131521140
2314350
2136285
73200
26423205000
17365635
82061532
634152519
4386781853
4370000
4310455149
14259880
15007500
939819762
13597194
91748160
23593311
25492410
7465689
140054040
738000
163700
12985
8221500
36642
3979050
1734018
16859790
44
34033230
1506505
28007433
6675456
112707504
687812
13035456
121900842
18452200
68876256
403260
154646415
1090680
1110
19654566
1881
760380000
2284293924
160515810
23143500
1302564
106084800
17158000
2679769
257116721004
27424
3028284
41814396
1934934
70100100
2492826
310
9162010
2735561700
36195387
494528946912
49590
171418275
342953782
112665500
54509112
8917
1112700
17009370
22976700
7268118
1150000
62827583
2117148
51188760
42777332
149200
1014750
239775000
60241753
22631610
200263680
804195000
18882770000
1928060
378883008
1710900
393853698
23143500
1815539670
30977100
41577075
7268118
188100
58512000
620730
926100
680166522
89397
2280
2493540126
5606976
4290099840000
82061532
3763980
209836836
1456095498
43833258
32258671
56730
540210
34215525
356500
317030
418309920
2114310
4467210
1703025
907095294
383115810
89837244
577206630
403260
171090000
1223220
1817070
2236145340
78533280
4080258
79995195
6014016
1182
1550784
1397124
31800
756
100
344937
5301500
1110816
947208
15928010
195718950
13117281
13901943
28007433
6961815
22692
33885808
33
19094979
3083602
200933460
2424
70380
577981404
7002129
78720
633033
798399000
1448550
273875175
3635478
172337760
43472250
430650
21631500
208500
429318
35362500
38796
216000
956907
321090
54872
667620
939867138
1512350
1080
801928512
155261610
239085000
149200
14053000
2550413700
2835
1827
130416750
6825390
13546772505
4950624
5784075
42511426424
460845
4825419750
29291220
17135000
1269765
1944450
4000828
41400000
49685550
1510582500
212
68419923
508800
37581642
94076892
1744356
5095740
12330829000
321440
2697990
1357774200
801300
104195700
11118348
7320
3316565
27276480
8923800
365050
1026502470
80937000
4790641950
938700
39218850
3180
96151860
3573990
1803974
1147538637
54509112
190371843
24573780
91258650
1079505000
531706134
1322500000
10826571
118200
834192980
19821645
13971240
8890371776
5606976
27194388
1353700
11551980
1074480
13050
1490
230705721
78533280
125100
732367818
1593298048
22447008
852831
21960
130500
31286112
228960
221010
1594710
12261954
16579230
1466400
74466
441973630
5300
36001
727774740
156648
34883277
2912026
212010
49271937
959323176
1644184
894504
79076
2828135700
1653900
11189500
9897372
3189420
3480
18810
11100
108444672
170908920
64571
369740
2766960
1766796928
4195800
114475410
34681794
1861728
3253137930
4500
111000
806664
2712840
112945
5865516
1376892
317030
2809
508800
20142675
51109380
32258671
2028705
8600436
24277671
2345568
2439130
2127600
155675500
155675500
247078755
17132850
728674947
22998150
18990990
109890713605680
690000
90997452
12523788
345000
73320
269664
6187860
208500
83239013
73260
171418275
1419
86286600
1688670
17760544
3817380
8830326
1643
169008003
688050
621735912
1721344
1506505
4932900
17611800
11551980
16419956484
92010405
142980
38914218
78300
35672265
14398338
2550413700
714780
93870
1352100
41843945
160515810
14674230
202228380
15026070
585
145804050
310
703800
10874670
131355
4691358
75491892
2442404
628254
20850
778111110
1815539670
52158940
1851795
4467960
20879100
2958615
1542510
2104407
28224645
598917654
5012370
25566174090
8725431
14190
65846286
577981404
1312020
20194272
231997950
16601484
2888808
42060060
1362784500
41626275
2369100
111103272
1930648
2878018290
13560869322
807701895
38000
122619540
2958615
84838572
120897
50880000
24644700
450
945472500
85454460
20850
9162010
8528310
70
20790
8894430
194266926
38856660
3700
1258292070
627215940
23076900
29
29463000
252948
89520
82657260
16707105
193989411
248675
373052160
2720925
6297030
356722650
2715845940
14
1896921088
5647680
1092144
115000
34215525
360010
144753210
2652816103938
1395
6805
16539000
3921885
22998150
852831
1341767
4819122
85454460
18854118
114475410
228000
31066500
22910580
44163063
18214899
27246
1759812180
2322903
144810666
79320906
754657
1405300000
20945631
37723140
22998150
310
195981660
139866300
25463097
7320
13152114
1438110
113650362
1346644
368940
29
30163
668334240
567300
16541
8066640
457891434
46116
22998150
90997452
273875175
3468036
19430464
104195700
69930
155261610
190371843
36974
1723239276
8890371776
6233181
140070546
356722650
49172
60181380
1150000
81522
390060
58406
2205378
1126650
17490
517500
172337760
28106000
31
104335560
2035326
1809461960
2586300
885339000
4310455149
480780
179340
145386
188100
2444148
112860
179340
34278
1431101840049
3413145
13238478
938708946
1761180
540210
822150
112665500
52610175
583835
3084
33084428
21450
153342882
12765000
303
23199795
241704
5301500
62646
42
77062860
30125775
202228380
46706175
64766
1119594000
3671910
132250000
103131
22160069
32940
67905621
29463000
450
169973370
1187809434
2806452
363660
13120200
1584797220
145804050
139866300
39105990
26902260
14398338
331844700100914
3109815
57304822
231435000
18244170
2697990
477610560
89
8830326
3757650
6297030
12673000
167616873
701001
10513056
1074480
1697728
4581750
40
1347988440
7110180
1563738
310
530000
4891320
11971934
6457100
3144842563464
4357395
149000
742980
777261
2693288
13521
15789213
2205378
24644700
1855318
179160660
961185
83419298
73393200
1356420
460845
9158400
149001420
2816706
20426745
43920
885339000
290
9185655150
23076900
1442320
150626199
3697400
1643
2682000
4012875
16707105
401065
2127600
790134
259868601
3286013220
75719235
22327245
1933440
68419923
4287150
14520735
2843820
91258650
131538330
2530000
4370000
12523788
1594710
43276662
155491500
955260
160515810
190619
56614176
39360600
56730
2547870
2735520
69115000
1445824
41377092
8518230
85140
1312020
501278778
10513056
70
16037689
350060
10796294
9909084
121458051
5129547
8
1350
2028705
127960500
2430326556
72455418
527641560
122500350
6014016
146853
1077867
950544000
50819832
2204456228
3300
1445846040
15435
20907198
930
20700000
11580054
53664849
241560
6217536
5129547
360
52228952
93996
38576612
333906
9387000
3126496
1677258
100
321031620
168825447
53190
8329056
98515494
20228670
103583592
77622300
150880000
1320
260833500
6627804183
3648096
818055
822150
4380768
505540035
6411375
950544000
80850
531706134
4619160
289590
511710
5639760
510825
28507374
1637
330
2835
125292
4193994
7595
17644905
12785085
127650000
24644700
2025
1054511514
126026082
37244160
99693
5645970
11971934
3635478
540317610
68050
20790
38604765
28570509
1112700
9570528
89400
598780
189909900
8275365
2953105438
8576470
16370
2693288
130590306
238385
34477295424
1182896
1425988
1513859949
7403265
645710
3028284
151890
40861760
9174308
137610
30977100
7956837
16539000
15262200
85559280
892380
80850
856623222
10230
62550
826560
199386
19821645
31669065
1603264
1526220
1357774200
472443930
1185030
4191705
80
484049280
926100
5632200
5632011
18428157
58380
27355200
4012875
89837244
131200
9310
3550670
8923800
3753000
16137766
772503102
724500
1813554
6172110
450
133451514
43347150
906777
27933822
122500350
40
1079585040
64672020
4960176936
3500600
1566480
3600000
23143500
96151860
68876256
103131
45
8768400212
1294
34033230
27130950
1222
43472250
8894430
3641560
1104745239
1444404
104195700
3445398592
196753500
25433001
51569
131538330
18428157
49506240
6627445632
717461
1357774200
226800
125100
29291220
100466730
34410
3091660000
1710900
5838000
82657260
50880
25526628
31669065
106084800
108238440
6519
3428123640
40770747
812220
68582
50565060
492360
4408833
8125200
215028135
1198284
240817752
3109815
16439386948
5921748
50810760
248675
8024445
1276576
7881300
80798640
3100
20146290
6825390
2550413700
35362500
1820780
155261610
9797
8265600
772503102
52158940
11118348
2300876820
2835
1789008
152640
4195800
556310538
865224
356722650
1445846040
231604533
82508610720
7956806
2298582
452640000
1954880
22053780
12677318
1080030
63123471
215028135
176569470
146342889
25887744
58406
9909084
4408833
707135000
1186006500
144
19232640
239775000
2247352695
2726115
2329200
110505
118200
177502500
247078755
89520
5263071
13238478
74991100
1679040
1641980
93996
1550784
956907
7553550
2345568
724500
128206650
1313550
49673514
2547870
3700
81
41070
1274038794
14598624
60181380
1380687
744660
83600
4461930
30977100
709200
16647057
193989411
40774
5725152572139
347655
14520735
70713500
2072862
137860200
3979050
50747
2493540126
34060838
434722500
43833258
215251894
960384
96151860
778111110
12220
31066500
130500
654159
32182929
127837710
1187809434
26515641
1961
7514078
505540035
50880
13537
8418000
97699392
40770144
14598624
62388821952
4581750
18810
245
1518900
6251646
598917654
13512673308
7881300
23143500
1656120
127808415
184522
8768400212
7521579780
14458240
246447000
4191705
13171501
171098294220
504819
6282540
4619160
183250369
14188425
6900000
2118278
4587900
2912026
2147744
28191285
7887249
84645
812520
8067488
207000
139866300
109011219
472443930
40770747
320544
1150000
20907198
2986568
83140629
342953782
1484001688
20170130
778111110
14881000
163700
247078755
106084800
491700
5033775
17158000
8418000
299390
408300
58080
14900
24639975
11100000
100346463
95273406
152130
3423528300
1246560
122200
1909215
6900000
3110820
812520
15088000
98220
2853759132
96151860
297528980
14597530
6583872
107290575
7755876
2000414
100466730
35006
4321917270
16454400
16601484
14493629628
131538330
1566480
121467780
107866080
43785
4975110
2719500
1126650
1928060
9570528
365050
2314350
2953105438
27404500
2018280
8152200
2806452
111000
239775000
189909900
215034750
6411375
12820665
123157440
76986
16137766
114475410
122200
123210000
2118278
11566269
5300
4790641950
135930000
1038708
150626199
12350970
107643450
15435
1270016
20426745
1830213
1697728
5363820
25624392
556310538
97970
123810129
60554655
43734
2645130
501278778
141900
178110528
79
62218485
73200
2645130
17953398
154646415
120595240048374
907095294
16738278
1219000
587820
140431010
154646415
1934934
2147744
24864393
12321000
16398862000
28238079984
7755876
544902
432960
3130764
80130
259868601
79230
6217536
1092144
355803840
1526220
1860
680500
1045893492
1543500
67050
1305
14917774
82656
2817500
2127574096
289590
104335560
689571
70380
513270
14128372830
540317610
5300
92149500
58830
31800
32182029
979700
539328
1150086
4959360
1641980
20170130
155261610
609500
9611850
12435072
90600930
7446600
348
420553728
7581120
3286013220
33497486442
138938814
106084800
3921885
12746028438
53417700
535824
16419800
8067488
16370
188100
1653900
11521206
2223342
888943728
324
135930000
400753320
530334000
549702153
1863147
16441840
2816706
82656
1267300000
83419298
2087910
1492
620730
96210790
20529306
56476800
43472250
135307872
32181975
1080030
461160
1512350
247078755
215028135
8144964
1090680
2905308
1763544
961185
3541856220
16542214
1182896
27246
34162
2715845940
403916625
431350785
9399600
28507374
146342889
17739552
22133877
1740
62206
41626275
78720
2385
403916625
56476800
1820780
2720925
604832
135370
4611600
10065913
43020
1963185
13560869322
7038
778111110
2644290
7698600
3315228
77145
3610203786
32182029
7245000
961
60140160
8842938390
1118914272
1644184
4825419750
62405570
121900842
24644700
2558493
2735561700
4501068
234442215
439200
269990
89160651
400
1436340
16318500
12124704
3500600
2669139
3900971
11293905
13971240
6993000
107290575
2018280
1542510
32220543
1575090
1456320
25
243939
805017
25300000
1461587085
744660
122435805744
683699940
90600930
17516878
6593240654
460
32220543
58311
22327245
172337760
1309770
357399
111270
160515810
1259062
17943313387419
305280
20222838
111000
1223220
1080
1395
1710
4597164
2454705
62667386397
64
202048
45682830
215251894
91458108
45297764
1312
947208
23143500
15026070
132322680
145804050
196753500
1353700
4598213130
4516417
13120200
2700
3361344
434722500
617211
1461587085
13135500
7499110
117288864
2117148
1458040500
11890060
153665190
18285000
11092636126
3413250
1438110
82215
2810555897400
1734018
10486620
144753210
4587900
60000
239775000
2735561700
1823224
38884293
100
120
7002129
3700
1425988
100
5207328
161842495500
1761180
101005632
193989411
23769074
3124170
12232200
135210
6457100
5632200
3137105
110954340
49506240
45927872
56069760
1451716
1150086
15262200
429999570
1614336696
729875100
690000
1645598968
7515300
53417700
84328800
329927780
1817070
3795000
517500
941864
