67187120
36657588
21360213312
424534
988
800406
75493851264
10608038
220668
125825
1089468
6118420
13815060
911500
9225180
39701480
14037100
12625704
113568
1453537296
799452
209664
4291518
33547752
45531540
7103484
10878916
470359344
5997702
74088
9995244
49310352
59027696
334606
7638370
12609961716
62855
714686
7793471
473200
177085496
10965
1595125
967
598598832
3224520
40068
6032410
165528400
1908990864
506730
7483415
1298200
7214968
603241
48754264
1453537296
715
5989116
8985568
2702232
6738009
79134016
175646050
5802197
3341106
13521936
1104314
662101440
782276
52016787
913359460
17042388
123803680
154915384
419750240
280700
123323200
7396734
36784
397669220
8900143882
4044950
171488512
90088128
372059584
3075800
4655006
12367740
1058946
405260492
1107260
7982814
340704
1978473888
7103484
3128572356
32
1959672
419750240
91451360
10392200
197092584
103922000
286269984
471611448
40399528
47398000
918896
376500384
9699624
8085455
15024100
36603892
57424328
4302760
349958856
48020544
8072120
91451360
131832480
1536724
36341505
40399528
168688240
64381380
350065254
6530416200
9199635
687998
42
79344672
69912738
43640142
821
4200
4164160
1469160
92332660
419750240
1777692186
108829248
4100
3027024
651145560
937582
272034
4211130
202045752
3800
793907
73
325689468
516961
1104314
22006340
452176920
47320
928900
14348442
47203920
1096500
30198
880880
118040
9482760
40348056
274361500
20185704
78088
2526229
118356210
5076190
42250164
8834040
1681616
81966
522015
16886100
1521808
369381168
4298315
611636064
173950
2132
14360794
282578556
792284480
1375960
231140
1782882
80372124
62920
75583939392
355955600
10614120
149656416
7661574
76396320
67380090
9822540
33097470
17500
11375
593840
299403104
439555480
551617976
7790861
12522030
962192
186690
5774289
88617060
12326748
15236240
640990896
1264340
747205236
32978560
84071156
91410176
168688240
2730
13
199850
7207728
2430220
1521808
5196600
1530760
3341106
159270300
10297476
52026390
877178848
644011056
1144329680
1540
1978473888
6678791
5644128
9233266
2638943
561288
45721929
65000
1863409
152640
31368532
6025220
1944176
26279500
44450
1385513
337302
1625
41682168
109650
94432
2311400
205572
112610160
91185640
4378113168
293494656
7214968
3738800
173944836
602522
10460610
3005436
783234
54535
507619000
42250164
14305060
1039352472
404777464
223512380
1057492
439555480
1662276
253524
15142400
135830310
74154080
193926460
570224
436280
1866900
10090080
184565472
2340
79599520
36252
1292060
7483415
2766901184
42231904
272034
36657588
53
36341505
49763792
11544
30104178
3855429
42231904
76693968
532088
1753570
101853885
326026272
4369200
182262
90561660
1295548
10013442
245460384
1732464
3333347
47979330
6335784
2906917
117622320
83970952
803877782
16552840
174200004
420420
783327492
16525600
714686
41682168
828100
341880
317800
948276
7190
60164853
227198400
9670
897546
99945975
57704990
35697795
5
27322
38849720
1865336
8601614
5603505649
363
6552
6139980
857476
58940700
4617106
1976
1039220
629200
193695320
6
93865408
8380
107940
417612
2889250
62506080
2607612
387192
8440490
210667
65
34482
2083536
480334
12982
51696100
6250478
442910
8452990
695992
2832440
8004060
39114
13041640
92600
5210608
2551668
4720392
3146154624
64610
123848280
11054560
4636940
27096234
1915438
145425280
810346
58940700
1652560
257103000
1474884
860747680
24960348
5116140120
4225000
8681400
6553685
4842685260
202020
49823176
7760886
47979330
179750
54989584
13057040
4300
44331495
190
79228448
15
41571504
35668152
350890452
1107260
32048196
114432968
1541885696
2080
154000
337225
3089352
10437798
49480
1401400
12553594
1610220
54535
1437894
35103328
5164360
954
9100
1536724
11
4200
42
4445
67896608
1616753
46822
1756072
8373144
406560
1420677720
2262506400
3731832
10891898
104093300
15236240
762580
4064
48739425
54470
36560264
3724910
145964
39730
5276040
49896264
107841344
403152
49823176
471136120
28790265
317884632
958138
3392077
36905197
4830280
3273327
31396820
71034840
12522030
9581380
59721480
3261833
194210940
59027696
118040
8695710
69165894
39
879970
6814
82109800
14907200
104093300
211788
49896264
27096234
186258
25
311880504
444500
13057040
43692
193926460
2073872
1453537296
34023080
928900
44450000
67187120
79228448
14348442
535468752
1029747600
4415
110
828205560
9199635
2080
20738720
173588316
2062158
177385
2200634
10013442
79134016
185077776
3790242
42250
98387310
124811790
436920
178999030
65000
27445265
6845300
214896
11012976
600288
3859416
1523624
3438562
96700
2721677
3359720
135794736
40614
197092584
37388
4125922944
9260
2289631
2878008
450
6269736
50284
12348084
10153590
868140
1714885120
77934710
1431596
306537
34079220
49575564
685926
19723704
11813620
4065600
45143280
2164909
1444
40656
1906194576
42405300
40516175
6438138
31414548
7542000
130188
49763792
36213895
262795
8861706
147070560
165528400
44183300
3776287944
36516688
329785600
898556800
154314160
3359720
125825
37686
31
3069968460
2604504
4151372
6553685
222
3635462376
86285521
3303304
4240530
812152
52
1489180
6729978
68437776
838992
4815200
146650
2796640
17722215
750360
794728
47320
2271984
12625704
176388004
8454067524
33547752
207024
833966
18160
483028
166950
19992280
22006340
317800
91315744
311434032
182245
24646960
3856012160
481520
460817448
3195955
42697096
1426040
199850
27435408
114200
42692
5701800
2979142
28075360
37388
262795
182262
47970936
2028
426970960
28870212
1469160
107841344
707525
1490720
122539857
194210940
570180
397300
300
135794736
41571504
387618
57424328
62810
2614768
16119441
5702240
410
2371600
123803680
7784182
754200
740292552
1154400
17
10392200
519
15400
2380840
2265952
12326748
4100
14091790
519660
1915438
1019299008
8565515
21277930146
67107040
6032410
1686882400
4700234
556671192
561288
2835820
9171402
157405248
95699600
76615740
5997684
80774450190
1078413440
8991752
602325
1888950
928900
1135148
90561660
108829248
369381168
399427
82316387034
288925
593840
5317617
1816
76272
18160
1002040
703082
695273
743863120
41289605
19992280
13647027240
59037855
2604504
1307861
4553154
6247194
467350
28870212
334783176
94432
832972
11898432
125255
7342088
410
4786320
43576
231140
4240530
123267480
518678160
4440142
936056
1133475
84071156
701610
886170600
1835064
1239160
51313080
387156
1100
27969179
5427726
43037412
82861
2677878
57483712
56441280
18383580
29186976
823698252
56128800
67187120
1496528
422500
1245641616
543420300
1133475
47970936
1927
1094193596
16167530
40656
1300
74599959
5258783
145425280
70980
821098
67187120
697725
9569960
19601904
43027600
4320327700
37293550
4200
9569960
3505213
13864760
40399528
650000
527604
14305060
9188670
453348
8452990
80392
1019299008
31368532
148624
436920
26881972
644011056
400
483990
1474884
79228448
4804968
373880
99267524928
3438562
84084414
69912738
1732464
250
334783176
43429848
763587324
48302800
1805104
1978473888
161022
197580250
390138
678751920
986790
3297856
17716608
5997702
38850
7883835
22006340
1135148
7646100
46735
15236240
480129832
885114
709800
2355073
9670
80080
71900
2073872
77934710
223743520
2702232
5644128
257296
2500
44585190
71900
712725
9060310
20156136
603785
166189660
702244
4732000
41
17899903
8658
8039200
118330930
4291518
80310
2829930840
20800038
4372389528
82109800
88340400
15236240
2062158
367840
3628170
793728
1758680
114432968
7200282
110
10894680
188664840
7646100
181970464
193926460
7634900
877178848
421005
91214
35668152
412896050
782991
6037850
7401324
76474850
479082780
1677025152
125255
699127380
4656963
102752
71020305
1079400
26186511
135219360
2721677
14825444
282993084
1245641616
245718
11466840
10020400
19270
9581380
9100
19064
40449500
1542382362
87444032
590378550
278511
4200
84194484
25016314
2607612
65000
186036
29123640
83900
1765532
839
379746
85933120
803920
783234
1298200
259155
1057492
5353674
10460610
390
190
145425280
2879026500
1385513
32978560
2268656
6500556
8390
2200634
51688
4302760
3859960
195580
3743818
742300
3649345
465696300
1757888
107940
32978560
10742992
763490
405260492
300795
590696799
43429848
40458792
8985568
11762232
1582067
21129555
250
30917
13759600
282578556
838
5903785500
16552840
146685
76272
145425280
30625
473980
37293550
31636
6500
1142
11221169328
9822540
1395730
883404
1302385
811184
4910464
5205200
154600
5975149086
62920
39
38719200
2527054
728728000
77437360
22006340
336583782
5184229662
74230
114200
4840605
42928704
430
545876
1353
6113166
382830
1105456
80934
744600
2832440
67107040
105466515
1304164
397195240
114200
46569630
812152
405854988
703921
59798826
5317617
160928580960
49284
22428733600
6342336
56652336
3963078
135595824
6871970
4418330
3499432
2967580
2730
776914
4445000
27969179
37035243
91000
6859260
13855130
572
109650
3679130
162
20
17971135
376500384
154000
1739978608
5516179760
16622760
30198
1765532
117650332800
405260492
494800
100204
40068
116510436
114432968
11762232
166950
9060310
52619112
23575312
152362400
551617976
17395000
13383895
7700802480
98387310
14584296
427794
421005
12384828
427794
685926
479082780
384630168
256
174200004
2083536
1681616
13183248
2807536
76396320
5467976
130188
73202565
6477
7765977
650000
5434203
11815125912
253524
31331144
74230
4700234
868048
1739978608
1039220
4202660
35196
79134016
3319303
6513260
107232216
43717455
169225
146825
2572960
41289605
74770488
7039210
918896
1633556496
118143168
2249170
1576542240
556671192
9581380
162050
828
67816528
39688
36603892
191929920
354328
67506400
426920
390138
5490576
106080380
489302
193926460
8389920
6750640
1264340
35238
7240392
3800
3766151552
935089
87444032
74460
1105456
6250608
67870290
7994520
442173264
473980
1297094
1437894
56
9699624
7793471
66787910
45143280
73967340
776914
124605936
2236
4125922944
4980888
4445000
258245
542772600
206596
763490
24960348
196019040
162058936
7883835
2665
792284480
3901380
146650
325330632
28333626048
13815060
106080380
40068
288925
234
169806
210337400
99945975
3388034
44450
11420
220507560
91315744
1681
123477528
87444032
37035243
1582067
3129880
665794
7832340
4537166
4176120
10297476
80721200
379302
35196
855270
3857022
95594616
17324640
14691600
3116518
1441836
86686614
3628170
956996
219700
6871970
19270
2807536
7634900
579
47964
20963904
1805104
1089468
257296
1750
8601614
11221169328
40
181600
665794
7396734
467088076
175
68437776
51759234
944320
675064
152180800
3691962
703075296
347297132
2355522704
944320
47964
83970952
356202
68437776
92788904
50279592
50279592
8294650
77934710
697725
2503904
27445265
9264236322
1459640
48754264
74154080
545876
445406780
416821680
191135
1078413440
79007
412896050
400
1865336
948276
67285680
2430220
1206180360
3333347
31618554
43628
16092858096
72403920
920444
4269200
4617106
67598
107841344
37133290
73202565
62010
7626269
4125922944
318157840
67547832
154314160
4955864
49480
34079220
83162
8390
877178848
60164853
49763792
54039440
1652770656
1541885696
2023530
193093108
49823176
667879100
51643600
880082172
31580868
79228448
9515749320
5073006618
263961880
5600
16868824
5065830
91000
6250608
23727
36613896
1614826
5184229662
777875
8695710
7190
109
590276960
1292060
799452
930794956
435760
7039210
10409330
3549336
14091790
9360560
8814205
926
96897268
40656
3440052
62010
20800038
1764
603241
306491640
1426040
19912440
35697795
445406780
37686
1100
2795
265023
4200
77528672
20963904
1819
3713329
2526229
489302
171488512
28666530
793907
34994320
23229393
181600
20185704
6226220
67547832
405854988
2184
779240
1686882400
923472
1290520
2285976
154000
4043
41621112
2687776
4300
11927916
50248
282241752
325031616
9289
32048196
13383895
147215708640
2835820
4044950
337225
10729236
13957300
325689468
15236240
4168216800
447283928
67896608
49823176
28070
1532
1600
91000
3973
321
207387200
17564605
1835526
45
687998
2795
9045372
39759720
961198
991328
68453000
650
169806
8681400
9188670
1401578640
516436
2866653
18180939
350890452
21715824
13521936
17899903
2147059460
838992
25733121
10409330
2967580
100265466
48227742
3303304
11907044766
77437360
43576
9334058
7350
100138482
504380448
1176223200
16622760
742092750
80392
968
1453537296
3549336
168688240
51966
3268460
762677208
4065600
6776723736
1111250
1866900
4786320
3224520
10608038
7661574
3790242
225894900
131
83800
2523218
102974760
2729
1401400
6239748
202020
6269736
301980
3680
1616753
473200
811313
146685
138
543951720
10
4948
43035678
4636940
603785
35871132
75583939392
1497093780
9581380
3845646
41022
1784402
207387200
1489180
2236
229753160
3195955
80080
20133984
7647485
8565515
816074
23142168
67285680
6239748
59037855
937582
10891898
7682949
50761900
8503332
922518
332178
69165894
11420
654290
8814205
84194484
6016485300
13855130
2147059460
11544
34994320
131556612
743863120
306537
11511516
100265466
263961880
12920600
1248117900
10729236
1453537296
460808712
191929920
8210980
43
29479
242162076
7200282
31959550
102880642176
1764
67896608
119235468
914063652
843830
96897268
444500
3345093
1789990300
96700
4298315
100204
40458792
470359344
688819
1625575
84084414
22200
877178848
1838358
43547508
79945200
41761200
79134016
55442916
7590128
1675292688
17659985
4739800
7446
343212
273000
20738720
6032410
3338458128
57483712
38
1757888
91000
15400
739673400
2077298
107841344
186690
6139980
1947083600
4114968832
4710888
2839980
922518
53408712
306491640
58262556
50284
57171312
689976
17059713
154314160
57424328
74599959
39730
91315744
5894070
49823176
15460
480129832
4100
9685416
146916000
129820
6067152
270550
286188
85655150
36603892
2665
71020305
913359460
154600
5894070
567209544
29123640
37293550
82100
451
518678160
516880
1698060
2390116
4357600
3724910
75420
20738720
398252580
153614988
1002654660
82267484
35871132
4
833966
181970464
460808712
1490936
6500
1111574
229753160
452176920
2639618800
832972
2184
800800
577852
2023530
572
10120068252
483028
28790265
120589798
14584296
106080380
770923088
29649360
1244172456
9443200
868048
36
7436706
159618
10878916
80310
76693968
96700
3268460
890274
178999030
592475
340791620
338390
20738720
1232625240
350065254
3557804670
387192
19
10939365360
57018000
286188
91410176
154314160
2167472736
2796640
3069968460
210
14360794
2878008
9974580
2053590
88200
38850
2979142
79228448
36560264
36736328
25349681
173246400
98039558
14715640368
1451804832
2743615
6500
129820
27687
100
71
39
90088128
6438138
86957100
25117456
519660
64680
92890
1162445407
1526141
81966
311880504
9233266
42293856
88200
38104200160
43027600
245460384
5802197
1107260
59798826
285500
171720
7626269
7700802480
44134278
154915384
11012976
1290520
2067505440
4200
110726
398401848
405260492
196019040
986790
811313
4418330
137596
283853262
7436706
2249170
39764788272
16102200
51018
2271984
13041640
2380840
10794
64680
8991752
9974580
1278320536
67896608
33015615
390138
251819633520
654290
293832032
84071156
2167472736
70392100
86686614
793446720
50033984
5989116
28329420
9115
38456460
43627584
85933120
40728168
8294650
1756072
181970464
9995244
565061600
14715640368
321620
59384
862855210
11443296800
3987
19601904
22719840
270550
1078413440
67870290
181970464
83083225
1866900
372491000
650000
178805224
2220
2311400
1758680
1523624
760246
1863409
100
372059584
675064
729929200
8823320
3652264000
108946800
214674
220507560
3087968
3909581
181600
59157540
84071156
988036
12481179
910000
6335784
405161750
25729600
2234652
23114000
1111574
16868824
40728168
719
1906194576
10448592
36613896
32019597
12019280
1490936
54277260
444500
2262506400
44758879360
5205200
601648530
3855429
1060803800
453348
193695320
695992
74460
775988
543900
373880
31414548
896368
7638370
37555427
8982463
792284480
3649345
67816528
2164909
7309141596
95813800
1595125
5028400
25733121
459228
1838358
17722215
11174592
79228448
3691962
2053590
9454096
2774980
3857022
67896608
956996
36560264
93865408
296727816
42915180
543951720
52016787
85933120
9100
49106
84739480
27026266680
42000
3345093
445406780
1297094
2594605728
895442
471611448
570180
4720392
27093
338000
6772508680
3273327
8982463
30288230
16
23575312
4553154
397669220
1060803800
1714885120
269500
1407039336
777875
159618
15475737
325031616
4225
96897268
2460640
2677878
56652336
57577520
8
100100
65520
50303088
179050336
4202660
59150
2828280
42000
7647485
38720
84071156
674041
4322780
9260
4045465620
77437360
450
76474850
17971135
4362800
42697096
1409004168
13855130
520167870
6138080
5168800
14430
2507842584
99400
91150
567209544
191360
56
48152
176646756
8569269702
649021308
45937008
842767416
11351480
12481179
171488512
31618554
380
5988906496
6025220
210337400
206596
5206
3871920
92600
120589798
53
334606
17777760
6513260
1739978608
31368532
4200
7240392
2704872924
1849
80850
958138
1079400
71900
6263259
930794956
3075800
57577520
250
4656963
904655304
15236240
42697096
9056166
43035678
1371750876
231500
48786192
2132
50761900
31618554
1784402
9056166
58940700
41621112
816074
2641672
41022
577852
1866900
12367740
2262506400
6500
447283928
20709134160
420
419750240
380
4225000
84071156
10392200
60861528
101853885
14037100
19414
85933120
20738720
8440490
31911
36077
37163672
65520
6678791
51688
793728
48152
123267480
2730
860747680
649021308
329785600
130416400
2346380960
645628152
42437304
54342030
183835800
2286902
430
355955600
29969478792
1252550
2730
2866653
11474736
67896608
40516175
84669235
703082
869571000
482712174
910
25585805
7774008
1494982
671540634
87444032
591500
20070172
340791620
287902650
42692
401042
59928
810346
397669220
535468752
18187056
6
1903922592
8031
5196600
397669220
59112
91150
16092858096
2807
4018742
276516084
41748
355955600
244860
42437304
7682949
506730
527604
6371566614
1753793532
1614826
43088232
207024
17324640
655200
85655150
1049656608
3845864
12384828
33333470
11466840
3729355
145964
31070
91451360
1027417300
27436150
219678
398252580
5434203
5938400
3146154624
1530760
34994320
79344672
846692350
3963078
821098
753571000
72046676
143675
6292000
237148204392
8210
107841344
90539295
102564
3679130
240
860747680
20363616
81309628338
5467976
43628
74770488
340704
1546
66787910
2472031
895442
2911637
363814
143675
2234652
9045372
68592600
8210980
361845
65536850
40
3729355
10090080
83900
7004351952
28329420
678165280
7784182
714252
695273
6845300
4116070
274625
590299
83900
8210
9171402
541285160
809340
2219984
325330632
5169610
800406
711480
25016314
18849155850
4955864
1303050
3800
23411232
118330930
13183248
2077298
80721200
192700
114432968
4180384
2099404836
590299
84669235
282241752
35238
5721807708
994
193926460
67187120
32469333
2289631
3146154624
19758025
186036
43366232
211788
671540634
104606100
502840
6138080
403152
904540
2856587
398401848
100490
42697096
15218080
59384
9625936320
17564605
442132152
654373404
424053000
152362400
26122824
387618
15460
144985672
24126242070
8503332
4116070
49310352
18180939
80934
2766901184
11898432
48227742
166866
269500
9940
2448600
1453537296
33450930
37133290
16687524
1305704
159250
5076190
169400
1625575
15475737
914063652
1952
7084242
8072120
276516084
2740010
10129392
911500
6263259
7760886
747110
123323200
12415926
60861528
1526141
192700
868140
168688240
92788904
5497128
72046676
13130578
885114
64496961
167514270
200482308
5774289
1058946
5710132
430
803100
382830
417612
263961880
53365
5379192
131556612
181970464
3710322
76829490
33097470
688819
31959550
193695320
36480048
8008000
3499432
775988
2340
15264
5427726
92890
146825
8861706
193093108
84788
374414664
6738009
6247194
1305704
173944836
223743520
86478
39114
5612880
1835064
397014800
425880
91185640
91996350
48739425
63591
16816160
36851945
282993084
6292000
1243638
50820
25
59027696
63295246
16525600
95594616
46735
43396
1652560
602522
2272717457604
8171501310
1753570
2106841100
20738720
4986828
60190
19912440
5353674
12391600
91315744
883404
650
13379392
39759720
80040600
5258783
420
1806
15975632
8295707340
1300
20709134160
611636064
13183248
988
5702240
45937008
32500734
