763766970
352504280
322400
77644246
159763438380
14323765
4570089600
2493261056
15054350
7183072
3371905
344600826471
291040
1499850
35802860000
85941864
14046100
14501456000
115525314
776699390
3509663800
43686624
19210689
747769072
10773430
144820
486385
4669821572
151816693600
225553356
165919160
1667007241
849106544
406978550
10131017000
76101600
2618164224
66263891352
134414400
28918151553600
895448796
603527200
7638603
85907614000
8127080
561703630
8833361280
1699033440
14173648
11706386120
102826576
411892
99194470840
41604000
7301436740
7642040
58016440
89804261
1699503393
1956626299000
75407571200
442775
10786064
5302000
1330116
4057976200
4553952
341872960
632184800
14570384055
546500
60033441624
25
243882648
408290
20095350
2128305
660879700
50354788
20648
257100
97653240
11602785220
175339060
6371850
71313156
387244000
18171125
2558400
3148942
15541695
9351728
131632696
51064222225
983061198
5426844800
51293888620
310654750
916196320
5987178000
1814653250
310803240
744700
111271247298
560403740
11898588
221228029000
181465325
3576222536
2621
3448025
3962126740
4878566992
115856
317285
118907204
19823385
192106890
1229927296
1668240704
3346234980
30134447200
1518892040600
847042816
86205400
35298200
3016854880
1336166
237769116543360
763261951
8162180
560218360
302200
9173328
321623630
25454808
19657695200
33016240972
2299182912
550
872638217
114002304
4307380064
6391536690
1200945115
21465870400
4752035080
361580200
176501686213
7679529060000
869844072046
10633067500
10051475
709690465
46596558
17375088
96770800
3532807103958
14449039195
853136065
8265600
70090030296
3153695120
22631997648
182413920
815000
52955259
7500
10433056810200
768215100
1366000000
923041600
244265641
44985658400
11721100
19294272
3511986000
2590621330
104210967720
76744919138
2752567480
16559303904
96064894
170133600
1271992000
12719920
218670624
355168896
67385910
114379460
10326196551
571430420
21373
416040000
287742002
141630320
21162884600
579508600
38818988000
3172416
4427750
412010716
7949504
20766924743
57244004
1070391400
40829
1300
2359800
48412800
433440664
1013101700
3343288
7796510472
120142672
33
43300741595
688990068
1404610
301218320
5249168
136231502
6550072
8399140
50351215869
9273734192
3966642368
29104
23625712000
96037438200
519723332
3320500
10282657600
916196320
1284650
147822175
302200
1834380471
4038836828
1148784300
12176020
19021970
2210
14183358176
16866015
858316505
1477923250
679863600
2268957680
10604563080
49130848
1432376500
1028265760
750
792066200
2587000
11680344500
316058720481
256855
924404750
3356779261
42260816
22900716800
1003787150
6124144728
1432376500
89
14341283
14920672
31227664
1439286737669
792100
560403740
2268957680
1775080000
6646779100
14962584104
124809514324
3963
1004531
781791400
84000
20095350
256930
1638386900
344647160
546500
58091322421
74975629080
2359800
358725666
2810078512
208158528
3283500
89774554
1569239353800
898042610
984
6055652756
522676700
34559648
528975304000
19171001400
22900716800
1639336050
633153040
271090119114
298662250
247612750
25183600
159617900
60532708
34225984
287800118
8400
486979000
21031032
76258864
157196
32652728988
235376968081
688762152
350406732
507796848
43830
946034224
11898588
1674709400
88374176436
251537784
203124275
84113572328
60670458
12762538000
64401375
1063306750
152061089240
11721100
688380831
8823376320
15039425
1174040060
269508455696
34326772948
816472154
449340
45899572732
41866363770
5465000
2782453600
215120084
207849407
3962126740
104461440
504360054
1797101696
9343865
585972036
45680512900
8879000
2279160
76194745
579290
63492771100
30220000
556865604
1967994080
19021970
2919551800
1044614400
30434480000
91656150
32092168
111139600
1013101700
127092250
191222556
82834232
764
28246503895
49939467864
7103200
17584
559908205
237769116543360
2395309500
420
9746152
3359750108
130394750
730626780
3016854880
7769562
840000
373519744
64843712
1133882100
43128720
881065872
99740025
404150916
9603743820
2004210915
4038836828
131701554
790573520
271883750
688762152
400374600
6461057900
77122287
9577536800
7530618300
12790725
12157400
4778340237
107157720
2868879289
1985000
2064800
16663549760
153489856
98753750
2678452800
272628840
100378715
1890570336820
366417830
110406625
1982920
44826808
7619474500
103755760
58016440
848261136
936778590
269047
257100
442775
1126994560
265708960
1855360
327585750
6476720140
31570656
419081784
1623838528
1347885198
5346981952
9132484
12176020
165206950
177508000
44958811456
1227096
7141493016
19532400
39418332925
12945
5003499900
560403740
162348755
32084
1229927296
18659560000
5531959440
915955450
11269945600
1419274272
148535000
30073875
7190301910
59255376
46485728375
580164400
1355726945
23365680
2336568
105905455
3469879940615
5839588
646105790
812520540
14581725
2931
67352440
20819479200
412010716
8174192
7123336
9194363160
104971359
265485550
11544892620
18617487200
91935120
350966380000
87262740
17750800
1547176
10701280900
223265435712
4525575860
96710328
151816693600
42618218280
250516368
3172850
4920000
462800
127088
4985658337
2976688208
149973408
35096638000
5625
10347723200
1668368
582992067
4212757120
62781061995
1572510040930
326402010
107157720
739032963627456
67521204
291955180000
931000
23598
554659245
761947450
746825040
477019344
10686500
11798579936
476190440
5855845788
22866770
25322908000
1520047776
19518587000
127822675
27244857200
151100
261418605525
226895768
299460
873032688
188709674350
67341353
5724400400
113383904
133616600
8314902336
3872440
22005973548
343482050
7529204800
7412680
218271570
31913348420
56018633
8524547460
29280778
1795696400
580164400
86205400
226126404
89000
19629452
7896798800
679191194
356500
9745575
79495040
2137863144
27724278
178953507
783571590
634927711
269047
218020
84282200
30663565400
440398400
840
197646800
52026850
303658576
3971317130
2725236
181465325
60737791400
5425854720
81550200
59614733640
2207594376
16515230
291783166
1522096784
475203508
26495235
14962584104
87030305
2752567480
4690445550
37877888
268262592
2920748688
51064222225
16764800
5531959440
74409314586
1069393050
953119388
113095636441920
1212907103
226895768
6735244
652268345158
226126404
2531980
1323107600
7103200
121760200
258700
764204
17777393920
6196499760
1450740096
320452880
1439286737669
251537784
137483996
25368620
1286765360
6646779100
527549000
916196320
685731332
6770700612
1503942500
251027239528
33310878725
4980319136
43300741595
222800
19488
4761904400
11585600
215120084
118375825
47
417900
4368
15638544
352583000
998955828
12709225
864592528
13233
1476262632
46248
25387006
17517292
185810
701025786
28555097428
28841460
162109788318
4940423904
32346069184
2212280290
873358
26550937400
454195000
1664145530531
416040000
306141829345
351198600
582992067
18329219
8900
113288570
163933605
576383600
1336036
549
59274984
643624056510
384805408
8620540
35769723
3993355111200
2569300
160179150
69412425576
51064222225
69165738
358984800
33507838900
23707256760
598717800
9229300
413351600
87148250
2964
4779758456
4338512502
1446875872
17517292
28705664
2455643100
6989472
7640
413111088
688798800
107052920
4096360900
14686822280
77877773
1125720640
306141829345
1307759136
2782453600
7301436740
7183072
3695391700
281901344
113095636441920
14920672
522676700
4035265501
320558920
54453820260
2104894000
117772014
11723968200
71065225
5529195100
229536696
23326900
31710650
70765250
29707
5801644000
13249809
25322908000
3784604000
68300000
5933
189923088
32124016
10773430
2643923
13985816
622039792
1520047776
576383600
770712921
96989932
29310000
5507083660
11008792
36809198712
812520540
73980740
11939451249
2374654400
2857399116
1545076
2789220
120157082430
4338512502
5426844800
526728564
318448152
8575387800
63576809736
1489193472
285374775
32055892000
2476190288
9194363160
323375
30109636503
597367836
16541875
304344800
9662120
904962980
3429636
85827
715055088
3275857500
239734553750
31864545400
1571960
633153040
101310170000
95003560
44458590
2884104
6735244
2658094025
10787690
61502920600
549499830
782050100
553195944
29310
51064222225
23365680
705172187
47198324
46179818360
2471860056
1668240704
5508195940
54650000
832931580
7702668
9449544
51293888620
20899164
15629
99194470840
2976688208
175383698120
60006550
923041600
673524400
4570089600
7106112
6073779140
3535792
15719600
169344327559
197646800
4700
46347644772
220164
2005897488
2912968916
883336128
758249700
311630910
204621459516
934386500
2228000
56895080
315433208
376866200
19679940800
882938891
746519000
31357027000
63808992
12846500
8472672
317285
131476851
34326772948
892000
299815190
19265389000
455242
270055880
352504280
89637480
57792592
6627830
363456537600
10599457600
1853800
1086756528
378032600
2192352
11023441128
194827250
340603744
1601791500
245534040
37787464
44
34433585
320558920
106040
721316420
3634931040
6024512
64173720
5000
395469694
93141318
32240000
3774456
2251
16256363880
460741476
5801644000
258127168
133485433800
77877773
5491364890
1355726945
32124016
5511717952
754171787242
361822545
64610579
121760200
16039400
259369194
5512
168775456
5409
6461057900
986420935
6633267264
285374775
5667205
7601346
85429225
510594950
222800
2268957680
310323599808
25011296
24510879088
320840
13990444
22689576800
20818131220
127562832
7925424
19171001400
399471852
93430
1908
3359750108
294694660
1413795500
746825040
297130
673413530
282996843
604530576
79428200
13863943800
916196320
131662960
794282000
144867216
317691410
350116832
37846040
475046312
3977236224
87981392
1032200
64610579
5854990542390
101115663
16701008037
47000
6795850000
1553043700
69460950
253741284
1279072500
24490270165
19532400
485880980
2365244800
1093613664
332050
4985658337
170365
84113572328
487178640
6646779100
624768867624
4326816
169150
1618005792
10048150
25387006
12719920
291783166
632184800
33035925
163012252
106473092125
1619047496
4871248668
148220592
156253950
2998151900
125000
16017915
5346981952
55203200
259455021
29271092
11113960
43300741595
63686870676
7923283
12270960
15825929600
2711510000
291955180000
290550942
223983763328
236257120
2575568
1032200
19482725
1252561548
1388186
2480736229
131476851
19482725
12730624
225048340
67352440
48906706760000
895897151325
6155542900
104716
471388
2920748688
41294180000
91672624
1795332
1668240704
544538202600
43300741595
84113572328
462800
68300000
863280407480
3016854880
1963542384
2976688208
2607659649
211014762400
159617900
1133882100
2419556256
203124275
44826808
679585000
688762152
13468260
560218360
182502517600
294694660
279633120
350232688
1334854338
2373408504
1865191
228213659757
13746760
875760
633153040
65426680
291879719
58896277675
1025006648
104343360
848261136
3325
49304950400
1553043700
162348755
70102578600
1623487550
38818988000
2309572
150394250
459060
101310170000
1967994080
503672
5529195100
710320000
530800
27396259
21162884600
10719800
112612419
21472973600
641125881
970297120000
13491661092
30134447200
9434
4715408412
758249700
46016578600
4762968340
31605872048100
26643641
5281460000
1366000
196945722
404150916
156290
86459252800
1534886496
14715835836
284180
15034450
4057976200
6302920
65269992426
500000
813624
976532400
24902706
13039475
182413920
20350
100345510
35338420000
73766492
594693807928
56219100
138826116
12172972400
1904633522
12935000
192239060
76821510
226639292000
71032000
25381646000
15388100
6646779100
117772014
103220000
45
310709986
739032963627456
52576344
1140739727604
6814600
8857482
2841800
2051525
726682
8590761400
598717800
7199943883
3208400
794282000
425516086855
141673257440
8442135260
258700
14323765
24592
87921207
620208
1390981
22900716800
800575032
31133325600
1605109165
16557286000
8703030500
1834610286
7535601
15134080
3507960
1618005792
14485064000
239530950
5219693180
200421091500
486289856
75407571200
13010602064
1004531
3612992864
69902520
307237381500
834048800
617
2266392920
159617900
12162384
167010080370
198500
105994576
8445029544
1111396
278245360
35680
24471126
195185870
49750
6124144728
3565000
39689621452
114878430
114379460
18508149
65571828
1513408
2251638562940
60067312668
143237650
97773360
248237763
271883750
16864043427
4764801360
25322908000
2455643100
1520354784
79206620
23024300
2444
344501104
39991260
35298200
91385290
16866015
272937360
219150
5158112483680
923041600
28075398000
198292
45680512900
262800
5896839500
74055120
95775368
18667209600
123385238
944824
305973255
50000
11863600
45397699776
710320000
240091280
108480250
2421685632
84126870
495613248
3380
25281912
175339060
1197286243109
21568560
54900496200
106939305
497834175
133603600
4525575860
65525
76616254248
29233932
7714456112
14449039195
207018878
858791960
10782496
76616254248
413026640
6641564283
12769344120
353096814235
17619160
29517048
606303414
1431516459950
3568
46596558
11257206400
14130792
2643923
114379460
4383
572457184
2505768200
9997889200
5746154592
141630320
1790546420
1778404584
572440040
503788344
76744919138
2309572
1108430000
1854585500
2065856
21580408
315369512
1358354820
99264761200
685731332
1082320457800
4871248668
378460400
3441734192
90285598175
40077071892
1180199696
4764801360
571430420
165917464
71380520
4312872
674900
35721800840
1110
960374382
310765624
118907204
41302664000
42938844000
39405293450
524200
16541875
1674709400
583696
419081784
5529195100
99264761200
25710
12015708243
55319594400
248862398
73344
72928108856
1485350
660879700
616388500
704969
4307380064
12790725
986420935
8524547460
159053360
147350261100
2419556256
9173328
11544892620
4450
26825598
797023485
8904
3467865019600
1446875872
2054385455000
66013024900
130205781
3521058200
4129418000
12505877400
4175260
356500
661871960
8349186540
278673120
165206950
6337752
332500
6929722183
1358354820
624768867624
110406625
3965460928
2472776350
152061089240
320921680
3102343150
8136240
3511102608
4975000
233825
409636090
15825929600
370488250
8400
10616000
1729000
334342182672
32205950
113288570
169150
2207594376
155304370000
3942162437
40963609
543199488
56168244
19499120
881065872
160189710
1063306750
3223486800
4871248668
560403740
141712272
4487
5377560
11337040
250
360944
106160000
3800900
245564310
138427066600
124809514324
168435500
2723660
1324980900
5855845788
1522600456
3359750108
2723660
23652448
308968064
182567424
1924
797687720800
7859800
239530950
812520540
95003560
2066407616
1865956000000
576383600
1779751168
910899184
944898500
5159075
78832116
11602785220
23618140000
84453768
46529928
73800
191462370
510006050
3509663800
217113520
81701238
1191720816
25292020
5976262
413026640
79210
5308000
80343952
579508600
8860413
23536725
71336754
175339060
13985816
29231688
39621267400
150394250
8162180
10786064
37
1015451650
9368820
378460400
251027239528
456805129
5248405724
938392960600
2590621330
248862398
27682062
12015708243
686796192
413111088
118086552
20099625
9222655000
761947450
2134921400
528146000
629040
44671959280
75407571200
70801384
272448572000
33016240972
603019750
39689621452
6530268
3498653219898
16207273
21465870400
167555
6007316328
35079600
1795590680
233269
734574696000
183292190
4863850
3501750356
7063445064
181711250
1618005792
131050
15825929600
51339336
107769950
14735026110
318448152
66539342726
776699390
2726288400
500349990
1726660
650
19850
321829600
8547951653414
1664145530531
709690465
6646779100
32240
71483152
104362400
272937360
75
863158204
16171570
390087
95008152
721316420
4770193440
321623630
291040
3257501676
7063445064
8329864920
26643641
1768287000
15136961514
85370055
48251166957
165206950
1180199696
84000
15852581
7447000
412941800
52814600
213927768
913852900
18670640626
1287032500
120157082430
15241200
90967012
6830000
3510912
49939467864
507796848
81362400
19499120
28650144
6738591
550
3577682950400
107298612
11706386120
413026640
160179150
358028600
3475332432
30850
2128305
9367785900
63071169356
1623838528
103430034
891300861
543348780
1680390934101
87952288
29981519
106330675
7766993900
1111396
751049759784
68648188104
21465870400
125688479679
1419274272
5860371712
155314185
438300
297865776
1684355000
4307380064
800575032
57152018925
1972558960
3346234980
104971359
1869285075
3868023136167
439405408
8717696
260000
4647733200
117400050
3398444595
2231304850
52576344
74821139375
4869790000
31536951200
5795086000
4644400
332050000
30230
68879880
1122181216
38419987175
10311184
15714400
91672624
71313156
528146000
1489193472
28418000
81550200
2129904942
7141493016
78697216
2860
317059844600
131701554
22791600
131400
225553356
4097590200
54650
6170
6073779140
76400
3510912
10172602000
6752120400
1013101700
385221200
378350720
163012252
3271800
4049644196
607128
484300
55
3872440
1439286737669
562191000
2618263225188
585972036
5500
8590761400
1625
52933990
862054
1591647310
57088176960
492000
154680864
3134851
27293736
1503445000
476551200
1018361033
204621459516
271883750
6836796252
21587542174
1989208
14362020
3271800
2746359200
6795850000
55122334872
1082320457800
271883750
78230980
8977455400
334038617
2019064356
27601600
107012809
16234875500
54913
528975304000
1503311904
42339673
6618719600
199706426645
1112255775
4058795800
782793757250
14581725
178400
4535803000
15338721
1168034450
890000
763416109
13020578100
6349277110
100345510
10633067500
33205
4762968340
46778788728
1834380471
10007426797
12157400
662412650
79210
1413795500
321038725
78279375725
11113960
3583140704
4983880
28246503895
1059054550
2204761140
128963070
282345460
1864574
18553600
70744425
1757343060
18262327200
134469504
88367392824
8349186540
3133814
169344327559
1112255775
12272096
7685200900
52814600
1154489262
27262884000
3348612
84197664
4761904400
48697900000
36903904180
1832921900
299460
23707256760
5564666068
352982000
248237763
12830843400
165152300
174707005616
813204288
2746359200
922265500
61850358
89804261
1871
350232688
76281584
1224747513
14183358176
115887661776
2007792
135835482
290550942
859076140
2310436
6957732100
2476190288
27275688800
1374676
14088006
2711510000
127092250
8707121700
76194745
2669733
53674400
66187196
996050385
43830000
12875540
5494998300
34716261546
12759681
247506250
26190944
107769950
5512
236348892
1396229
1027103440
18667552155
4312872
1930955
1323650016
24390316860
16669063840
646254600
589683950
858791960
81014560
2986622500
1108430000
90680931
14573475
213730000
4382674400
115038575080
41604000
167555
6500
33507838900
235376968081
4669821572
169288308926
3262605
144850640000
272628840
3507960
23105890000
306813339
100112952
2529864
1070128090
250516368
475046312
9777336
84092164
173666770
406978550
4082900
271626030
8714825
5043476464
761947450
860177500
7796510472
96710328
27824536
5746154592
7190301910
662412650
352583000
13249809
6337752
432113650
23024300
510594950
2196421755
89000
88367392824
812520540
3800900
2299182912
4329507160
4770193440
6756588
916196320
1996879390
2762921640
68906552
302300
1865191
1949912000
1951858700
23536725
395469694
104461440
373519744
1773587500
3600785470
1015684800
2400496990
76485312
337355248
2502331920
11268693
76376697
196945722
14041224500
2419556256
3086188160
36826399815
4895400
29736480
8400
14715835836
6759726744
42453738
11304037512
646105790
51064222225
296886144
872638217
17735875
1956626299000
162381545
858791960
35650
471388
4493400
14362020
868385755416
585974349
8860413
6987918867
49942060985
1522600456
2332690
248750
816472154
1143794600
597665120
2529864
633153040
16399214624
235980
1448506400000
10172602000
200244400
2857399116
253932
12940844696
14201272
89774554
17661847011
138638604
333077950
235980
1619047496
88333612800
46147218
2476190288
9159554500
161715700
3565
11503232
140412245
1151064288
35338420000
131552928
107012809
105926845
119270640
1015451650
1303947500
668021796
2727568880
110843000
353096814235
1217602000
887235946075
1450145600
2495388
98775775
4568051290
1294940712
643624056510
96037438200
208162040
20584450
7894468067200
858316505
826583490952
840
3583140704
1113791550
31133325600
9437560
35721800840
1907209200
1020731504
9368820
24212
373519744
1522096784
47000
2590621330
3695391700
2752567480
14573475
64843712
552032
757820700
326402010
650
254560800
6646779100
37877888
194827250
425516086855
35802860000
4668276808
2724485720
1617157
403793547
4382674400
3069575
679585000
2971300
140461000
82765660120
136362373850
2495990376
3696905
767952906000
37
3971588244
259455021
5281460000
195707160
17290000
8270774720
6795850000
10149665240
159617900
750
112612419
344501104
782050100
251454576
404150916
440398400
61973960
84113572328
730626780
25000
141654200
3784604000
27438431540
916561500
93831296
4688
46248
11625588
542596479238
616388500
511582165270
409503690
9135506
3209216800
464814250
2500
1320124312
1967994080
36453340872
297865776
253685483584
172900
854491583329344
12759681
510006050
1972558960
449340000
792328300
34329576
22663929200
60670458
8270774720
1781192285000
297130
57088176960
746825040
7920662
4160400
480351175
120097744
665117700
27824536
503788344
127822675
21294191880
231725
11366212800
6500
7944444
824334212
7405512
18267990
4869790000
817749
5564666068
145438811700
1619047496
14094584760
24011144860
45912822332
84453768
339573936
2884104
202407747190
233269
3039447
678052700
1431516459950
57
8714825
11304037512
273843330
29981519
453170900
22841556325
210727600
32920704
38724400
34176463975
7106522500
30434480000
1919386470353
11939451249
31115496
4049644196
10044382
225048340
497500
157144
527662145
3150766520
156965
77364182808
98753750
1492033470
10322000
401907
507796848
48040882999
74826384
1061600
3810480960
45539520
28389666
41294180000
4963984
292339320
10446144
8593217
435560500
23953095
7760223900
157196
29231688
470000
8548575
688990068
78069996
761947450
4266644712
1287032500
476611980
21516840
744835780
14777360
20760055102
411874424
47648013600
69832983061
7301436740
105300604056
1091133712
1234260670
543199488
4652992800
165206950
199706426645
665117700
272756888
91935120
5993380417
159053360
13583548200
204117643033
3402187360
22163801
3900870
35338420000
411405265
2199605
17898995140
487388800
9229300
464814250
10394176
421752448
17717895
121574000
147792325
5281460000
1964244
37508453840
2167374880
143952370012
413026640
302300
2587000
33510823424
1985000
3580286000
3576222536
343
194827250
476551200
14050515
1158560
1114000
8645925280
7923283
4442319700
1212907103
6140500704
24378801876
128963070
91658600
5276621450
401555897
76302330
2860
688990068
35650
813204288
23953095
49304950400
84282200
185387424
213730
120550298973400
324054816
14501456000
1455200
1513408
4439242860
264392300
20284524
7301436740
58968395000
3831781504
1227096
71260730875
333358240
782050100
85429225
1252561548
2180542500
134111328
487178640
15177745388
14176699680
47957806000
10616
121312
118086552
2123108
1782500
377890
16328972
151340800
119669799
870303050
13360360
18262327200
101493
12129988
113050
486385
781791400
268958
3993048580800
8757600
69894720
228819
82834232
2455643100
460741476
7921000
2471860056
120097744
84501040
4571902764
44225800
5000
96553
5136340300
322400
293100
2718837500
145555385
4383000
16701008037
62644263
48430000
8907360
2725840
3521058200
33250
11680344500
3999126
2365244800
14479600
117400050
4121140
11798579936
50000
340603744
8655226603
12830843400
4715408412
2980
27379343424
25322908000
777213300
30962903400
237596098014
435230724
2724485720
50354788
19897641
122709600
6734135300
679863600
104210967720
21373000
350232688
1320124312
10686500
10776995
21162884600
378460400
253477769688
368020494145
46016578600
54949983
426989325
10044382
153672740
355168896
432113650
500349990
90285598175
2475062500
2487500
59614733640
66833316
5377560
16017915
119328569200
54453820260
1168034450
28763980992
27898848
68501907
13074300
133692
6989548800
4329507160
3434948556
3320500
87981392
54913648900
581670630
1405051500
194827250
96770800
273843330
560875328
469044555
15530437000
2732500
1274815085
87576
17936666000
85370055
991852880
1569239353800
1049019497
76258864
376866200
616388500
4535803000
3043448000
52955259
97549800
7772133
1779751168
663651976000
93438650
16238154500
3942162437
43286417830
13245426
753223328000
2464083153
6073779140
35119860000
9686
413984680
464290703
2205153111
3900
2585952
782050100
158051244
358175376
71336754
104362400
3723500
77225390
15625395
940
78463350
1702192
91385290
710652250
1675933225
85303824
128550
3738868272
6645
627368508
182502517600
151150
6391536690
35338420000
178250
1652069500
22689576800
11798579936
116803445
1133882100
83208
107029296
8110624
1334854338
35680000
54281227623
1601791500
740551200
826560
122129578518
476611980
71032000
76795290600
40175736
66087970000
4059639792
51943704
2480736229
11337040
28555097428
7142843556
57152018925
2423021016
2400496990
2289606002
16328972
597665120
65269992426
29271092
7944444
1245560940
5621910000
528146000
137467600
3496103584
1668240704
172900
891744
4240610400
1122181216
145014560000
4427750
142649910
3146133351685
1779751168
1207462464
14485064000
7766993900
199934031664
140505150
356800
149022
3501750356
250
1520354784
8472672
87030305
5000
16039400
16200
343722132
370488250
4843000
4940423904
236524480
1158560
5968219656
1817112500
4198183620
66200564
23753866708
750548588
192267100
14444373363
70801384
10311184
8406208
233656800
7793931408
649892796
10282657600
1433
1621476
4129418000
14094584760
74826384
20024440
87071217
77721330
1059945760
26825598
2201456
653163426
19021970
61993066208
5560843860
87576
99264761200
1835506400
50034999
159751174920
9745575
2590256
182502517600
2164282887000
99869112
240208530
63570912
103843072
177358750
411405265
15531374386
13189139800
13664838
65128200864
883336128
500349990
413959800
4527703284
228213659757
21805425
75752
177358750
306141829345
1946296136
28109550
13105000
2828242
89822399
279690022500
549136489
3615242950
24978261100
5855845788
2395309500
14658869888
97549800
54281227623
49130848
24168212640
132498090
6605670300
554659245
424254050
9877577500
4553952
2517141255222
459060
127907250
317552
3513
474783311
361822545
1093613664
134111328
48187850
11863600
40666605200
16161768480
11625588
13348543380
3223486800
4038836828
2104894000
18617487200
744700
2180542500
57281880
1524120
7535601
2228
4345970950
5855845788
13660000
1782500
17865305598
763261951
2495990376
1778404584
9647872
2063627269
350406732
16520695
78279375725
103843072
106330675
646105790
762815840
6741928
5700
172666000
668021796
429669978705
18670640626
28418000
220661217
2286677
277826
405797620000
1631542464
13665600
594693807928
2732500
71065225
111639000
438300
118475440
123101553350
7744
710652250
6550072
11602785220
887235946075
1059054550
41109823040
4762968340
5446450140
7941816
141654200
1853800
133692
3257501676
2616651
34225984
497500
506799904
5494998300
1571440
1761916000
79428200
542596479238
2158212
111400
730626780
2796900225
790573520
484300
2841800
4015720280
9864209350
882938891
2279160
353096814235
44215056
22689576800
270055880
178953507
7638603
576383600
570
134414400
46477332000
660879700
2558400
1432798455
15034450
2719186720
344211445
57950860000
167648
4037500792
48187850
6007316328
7287023808
1028265760
3434948556
2002444
549136489
3695391700
2130107668
123187
121501536
3999126
160324512
496398400
4662959255
864592528
2231304850
77721330
2210
1335123942
11340584736
1902197
49639840
119270640
315836515280
149405550
770712921
328350000
75752
13369200
596821965600
1621476
15530437000
126300354850
11981203680
1385469332
254560800
998955828
5202685000
8450104
7465190000
50351215869
5519857670
3397299432
60006550
3633781
31570656
134469504
9032877
351198600
145427647800
426989325
497500
67958500000
40579762000
378032600
4450
761016
1522600456
23652448
1133882100
39418332925
30812381
10051475
177358750
152412
176191600
211014762400
7682151
47701934400
3583140704
26280
378460400
85907614000
194827250
185380
911139432
152061089240
87002550
1168034450
5336810
4010358924
400374600
665117700
2137300
6073779140
35338420000
21472973600
651083640
121210
3320500
735
1473502611
89352
98775775
16399214624
3172850
56168244
152412
2973648
1812503784
1013101700
2000509573571
7405512
7632619510
2746359200
866095341
776699390
678052700
966398320
20818131220
633153040
2828242
391145131575
13452400
228106429405
273250
23646049440
7942820
69902520
597665120
3612992864
4266644712
8548575
3962126740
904962980
175383698120
16864043427
24374913
123426067
4238568497
1781192285000
27898848
173476640716
1781192285000
96064894
13245426
135954998694720
165194875
56219100
185380
4568051290
1061600
162381545
860177500
570
237674720151
322400
781358575
31913348420
1427912652
149235075
777213300
8738100
13491661092
37992592560
196799408000
16018971000
18053416548
256930000
2725840
6331530400
271090119114
7769562
1499850
3040535630
164965632
2235466500
56562249368
112572064000
5520320
29233932
730626780
10149665240
6137984400
61850358
61700
137392820
3599393136
24750625
352300142400
121210
228570228
74539968
1413795500
1018059759400
75306183
438300
413026640
77669939
27438431540
278692699175
40175736
202137514227
59871780000
337355248
15886260
298662250
50349312
4355605
52933990
4130266400
1001129520
31133325600
201366880
1652069500
30230000
1553043700
35338420000
62644263
758249700
105926845
135954998694720
14042905760
56672050
2998151900
52650290
15852581
2246700
8857482
1834610286
55
445000
993877392
9504742755
527662145
3862050343431
144792400
689
14491002240
1272498552
3216218616
235299106034
1948272500
8442135260
2041450
10457808
25344217600
307801708
165919160
147792325
944898500
873032688
2362571200
2579064
1562900
3022
47619044
1779751168
1201570824300
25011296
6608797000
32081552
35119860000
1450740096
108480250
4070527537700
279690022500
585972036
1413795500
1485350
1336920
48738880000
39418332925
52165800
429669978705
198322176
22280
73039720
63071169356
16186917344
77754275
486289856
2727568880
20819479200
70765250
215964
58896277675
304344800
1972558960
8593217
2579064
15172724632
462480
4340874800
1913357710
87952288
1077449688
5491364890
782050100
11798579936
1675933225
21525909600
320921680
2964
60532708
32092168
3072373815
39092352
560218360
156290
118536250
297865776
74055120
10764981656
106160
1004531
303658576
487388800
332500
869844072046
136600000
199706426645
116803445
29116
16724428760
991852880
1930955
91095
8738100
1177720140
3371905
1617157
688762152
2212280290
37240503360
2849885535
3975606400
43556050
998955828
946892892
8216444471
424254050
6420200
2601620232
103755760
7366018400
87921207
186595600000
5728188
62015544
259369194
78463350
5494998300
7366018400
1726660
1027103440
4975
351342576
453170900
8990800
258127168
3370
6756588
121760200
22280000
27293736
45947990
355160000
2558400
57281880
73278480
528995108125
412805200
10719800
1063306750
5621910
3469879940615
2476190288
130232079
110843000
1404122450
22313048500
8823376320
12782267500
59255376
8315270
105994576
962423748
589683950
1300
1476505593
2169209889
48430000
487178640
897745540
561703630
1125720640
27275688800
1623487550
3511102608
150394250
750548588
50351215869
8171488
1133882100
411874424
859076140
5276621450
685835269600
744835780
37542588065
449340
1668792736
1302057810
559908205
3971317130
1396229
476611980
2537798976
7787777300
138427066600
1347885198
1070
6795850000
22631997648
454731720
24902706
281095500
560403740
29310
22866770
128998283908
546500
1081962429200
7301436740
751049759784
240091280
1049019497
465299280
14853744305
195707160
385221200
1586307
11084300
6814600
200183322837
2089138272
281901344
77644246
15932
1797101696
338548320
2970075
23952084509
527549000
49200
86174784
52754900000
2487500
5520320
25870000
33250000
2666127
1956626299000
834048800
167621313600
412941800
17384
715055088
58180350
16669063840
302300
840184929320
10776995
8110624
3148942
740551200
3915921516
3356779261
4382674400
4382674400
528975304000
121760200
1835506400
11197016
213730
36969050
423191799
870712170
98914244
359
236257120
12285370240
11723968200
2796900225
12769344120
223130485
7568880020
3441734192
2704311
32673720
618503580
207954552
28246503895
3086188160
21453986200
350116832
2336568
4198183620
9367785900
187152
121954941288
2004210915
129414646
376179741
922265500
13564668
152061089240
157909600
10686500
18861797510677
12875540
16557286000
685731332
258891306275
7465190000
332050
9448240
1982920
127092250
7808
1967994080
20564424088
53615550125
726682
12769344120
2723458
189923088
18262327200
1133882100
25693
862054
308968064
138739987790
62781061995
81362400
321829600
92226550000
84197664
5507083660
6641564283
78279375725
1795696400
111271247298
3529820000
6610041
53615550125
1586307
2002444
42339673
203572910119
460741476
1699033440
40037460000
90650934
26439230
15305560148
5565523392
224994432
2860
90650934
8833361280
7287023808
859076140
24354615000
315369512
17619160
870688400
834652606392
2268957680
25982936
560186330
140505150
136656
7941816
2502331920
8757600
210727600
916561500
276706248
26439230
196575
2915
28555097428
429513924
168355658935
1114000
43686624
2259484982370
110843000
3216218616
16843550
7949504
923041600
1128970
688990068
543348780
859076140
8900
15388100
14130792
3972800
1044614400
13187141
1287554000
3615242950
63691540
11853625
1509026837
2855476
450171150
1520164464
583958800
17653074524
5785
67958500000
4493400
3160587204810
840184929320
543348780
1229927296
64589206
9165615
14444373363
161200
42618218280
282438890
5074650
140624172
90680931
112699456
560186330
21031032
1310500
3134851
80758272400
2729373600
306813339
2463136
379674710480
845010400
6476720140
185536
165206950
2591324
48697900000
1025006648
1324521996
128953200
217113520
416404281425
7682151
30190051404
43300741595
246811305
276666600
23952084509
3900
1068650
182837040
3257501676
412745796
841521250
1366000
170133600
1168034450
44215056
2201662996
9436196900
734801184
34586120400
635055949
1060352532
809
1668792736
761947450
31864545400
860177500
527350
173476640716
107029296
32673720
310803240
9603743820
319175188800
164965632
1404122450
1380921904967
8590761
33338545812
43830
100112952
14779232500
213074690400
1419274272
225122810
1405051500
198500
10722563408
580164400
1323107600
133603600
13079964768
1060
1647781821
935212358
25870000
3160587204810
2628
69961344
875760
154507600
2201456
922064
85412485
376179741
3580286000
87262740
32084
67341353
22953696339
1893858443610
3498653219898
2923393200
1729000
460741476
10600
136600
7476
3023000
32758575
5529195100
68801595200
93438650
423191799
38818988000
10764981656
366417830
1785137952
91595545
49774530
792100
1913357710
5186481300
9343865
73800
265485550
366417830
278245360
1670100803700
45899572732
52026850
2444736
10592684500
158095550
65128200864
2910400
79232830
13187141
13194546768
3023
506799904
1476262632
279300
16843550
64589206
960374382
73980740
2667815181527
52525505130
38724400
304469568
21373000
136656
59871780000
22917708
2472776350
18262327200
4160400
17750800
22122802900
966398320
595440450
832931580
11261241900
826583490952
346871847
2986622500
298662250
339573936
13660000
1521254102
10131017000
1314659424
3385483200
635055949
4225
81270800
223265435712
166250
464773320
613798440000
464290703
75407571200
14183358176
5346981952
5961473364000
356800
163218919625
1060
571609088328
2571
3016854880
49200
2042478
18274035
440578944
2974632
168435500
97323855
220661217
544538202600
2540300
194991200
5445382026
2209
21472973600
15378936
87071217
15638544
9138529
13189139800
408290
194827250
90504676390
3975606400
634927711
761947450
24710582416
3359750108
42
9159554500
2233876590
191462370
989536
2857399116
455242
11624425800
349922996
17320053400
143237650
504360054
32205950
12846500
106939305
44934
127562832
18667209600
1307759136
218271570
1545076
20487485
3358638712
24707188
3209216800
3971317130
33250
27379343424
1053398247
145427647800
8589958311
6317540
1601897100
25183600
47619044
165206950
10011295200
498952
20819479200
104127088
2130107668
1068650
308680448694
662412650
1310500
2986622500
12846573
47246467
76281584
151816693600
2669733
476190440
9765324
944898500
59486603908
6104802600
3189832264
2693858417217
23753866708
1234260670
476611980
268271900
23871120
1569404096
30812381
103430034
1761916000
80758272400
15039425
7806999600
3172416
953119388
6770700612
2007792
298409826
341269352001
4980319136
2261
14040021200
158095550
245529668439
11518524
7476
4873888000
155304370000
12782267500
2505768200
1154489262
137483996
1914972790380
792268
3114248530
350966380000
27188375
119993250
29517048
944898500
890
65426680
688990068
27432548000
6887988
30220
182502517600
165194875
281095500
421752448
825747000
240208530
3780326000
91045
987757750
1419274272
3667015
160189710
14041224500
6530268
859076140
641125881
296636520
51794620020
35096638000
8826840910
179297300
1668792736
76376697
16161768480
2970075
2601620232
6685511036380
753223328000
67996
1389245
53020000
622296268
2610648059085
15825929600
1336036
665117700
137424120
22354665000
468823113
97323855
39305557473200
145555385
4059639792
7559236584
5545780900
1999487325
24168212640
1077449688
58896277675
4863850
8349855044
2169209889
504927675
49750000
212310800
794950400
1461584400
35680
10600
52420
275380185
21472973600
169344327559
4869790000
751776
138427066600
8620540
176191600
78069996
68906552
11706386120
603019750
2455643100
321038725
2205153111
135200
1274815085
3061418293450
15625395
225948498237
13039475
7408100
31227664
218088168
503672
21231080
2392115
378460400
146550
469044555
6137984400
31133325600
9742928
562191000
553195944
107769950
782
6733016
763416109
12940844696
18146532500
832931580
282996843
88513984
175451320
701025786
11844
528146000
1229927296
2495388
594693807928
1477437948
17957168
5798386640090
413984680
11236
129199785
686796192
73278480
2986622500
29701108
47
27969002250
1916577050
935172800
22696148
2265538
50224296
439405408
1591647310
368172
22147722584
781358575
182502517600
311286872
10446144
8288904
37508453840
987368901
543199488
3358638712
14176699680
3504230583
13660000
17105856
46778788728
7400104
572440040
293100
12129071030
54650
154544088
12342606700
412805200
11777555920
38818988000
36453340872
55203200
3262605
115448926200
578773311575
208158528
9436196900
606303414
200183322837
3962126740
89786320
9165615
2607659649
4869975603735
32835000
59486603908
10616000
1413795500
3467865019600
29280778
387363683825
1314659424
10633067500
25292020
1494988
15006123632
560218360
95775368
35079600
56219100
131552928
1061600
4662959255
7702668
922265500
834048800
460334067
89637480
2729373600
16520695
2130096
38818988000
273250
957753680
71501350304
2089138272
2857399116
1518892040600
2718837500
504927675
31269552
679191194
16663549760
2569300
69412425576
10457808
5219693180
10635955620200
7772133
5308000
2810955000
56018633
10347723200
598963248
14540922240
220164
390087
29195518000
572818800
28297164
43556050
11366212800
1795332
54913648900
223546650
8329864920
1924
98914244
1200945115
2704311
118375825
3971588244
49939467864
11055625
74081000
368020494145
14853500
175339060
4920000
27379343424
6989472
19788373840
96989932
208162040
358984800
140412245
357697230
580164400
131632696
279633120
32240
9376704
22163801
154629696
4668276808
235299106034
82765660120
638330826925
17735875
2239284
853136065
30539525400
812708
707869206
11268693
245529668439
8428220000
7921000
543199488
114934589880
1013101700
6185035800
81333504
9639760
115448926200
10131017000
75306183
195185870
157195156121280
2100222
1667317112
69473872
673524400
485880980
2496440029985
260859
182567424
167648
54949983
28555097428
2463136
89822399
57244004
1921068900
2000509573571
39418332925
1168034450
42453738
3814653470
2064800
12129988
102782
47246467
831320322
79428200
1948272500
2196759686
236168
90816312
55569800
8590761400
3206042365
114934589880
487008010
185536
4493400
91656150
19265389000
91595545
276706248
99654
1773587500
276673485
7038641852
394978688
3696905
2286677
229536696
3043448000
812520540
251558937
19114494
135790548
5205873504
34530590
15108648984
783571590
253229080000
14137955000
4700
106473092125
522676700
2955245
191222556
746519000
96989932
5028937056
18
358028600
368020494145
688762152
28638336
10449015
1245560940
128953200
27724278
733733872
1276371959000
159751174920
2746359200
74651900000
247506250
22696148
369366400
10449015
31578693312
935212358
58395880
5275490000
4382674400
66200564
90504676390
116161582680
4097590200
157195156121280
223130485
230336714135
35769723
31269552
25261490394
475203508
936778590
141630320
477019344
3966642368
782050100
118475440
11023441128
18171125
145537515
16764800
1201570824300
5724400400
492000
56562249368
4822894464785
8980426100
48906706760000
25322908000
641089180456
13564668
223569
8900
81014560
296636520
7056
992500
77122287
2725952
4871248668
86485400
69894720
6630773544
304469568
67666384
93677859
178250
227916
104127088
9368682092984
4713848568
186595600000
258891306275
126300354850
5136340300
27432548000
2644457
2199605
7199943883
8542476
863
1668792736
28638336
88268409100
5028937056
1287032500
14735026110
71260730875
12762538000
90967012
18334316000
2137300
35650000
1324980900
71260730875
3158765362225
4175260
3700016
2912968916
282017576
24556431000
1278226750
1450145600
85303824
149397
79175223712
1702192
890
4038836828
522676700
5445382026
11777201400
1245560940
29713
90285598175
31133325600
146824837093
18329219
28766189088
3962126740
371275658200
14050515
59573201
292339320
144023905443
8315270
165152300
9689588005
6733016
19629452
2192352
265708960
5577241400
189385844361
149973408
3434948556
311286872
295925
7057199238
25454808
3206042365
3800831617600
66056703
320452880
4099270032
871482500
302200
104343360
299815190
105864504
344211445
15450760
74651900000
2233876590
1841000015
21580408
3072373815
1733962525
3150766520
360944
781791400
31115496
6630773544
1618005792
16362006864
9746152
278692699175
1179900
2705396200
125256154800
765016743499
44958811456
432
2332690
59274984
7619474500
179615085
84092164
37048825000
2678452800
580164400
102748
639829
364700664
53061216
30230
8043404928
115525314
1133
123426067
85412485
498952
506799904
7679529060000
230441483547
44826808
7447000
4827650
14209000
224269344
730626780
174127824
18538000
218054250
1082320457800
279633120
634425040000
1366560
1445393061
14797844616
154629696
4291350
56764
13990444
105905455
10590545500
2020038565941
1590533600
2655339555700
812708
200724225
486979000
66056703
226961480
8590133500
160324512
996050385
5529195100
18538000
79428200
7921
110401616
175933680
480351175
163933605
94375600
167010080370
11474400
23753866708
781791400
572818800
5159075
435230724
6601302490
679863600
5577241400
119669799
4553952
29237592
15719600
55319594400
188709674350
1450740096
20134917771
4442319700
399471852
233892
3810480960
2278457694
145438811700
3257501676
173850976
8288904
408290000
106160
446719572
339573936
7714456112
3205589200
9448240
9437560
922265500
6989548800
913
162958328
3471417185
22313048500
2464083153
66187196
1461584400
181711250
333077950
106
7942820
2419556256
149235075
7652145267800
413959800
141673257440
1245560940
9135506
10007426797
3915921516
95008152
6951984
530800
1572510040930
11585600
198292
46148925
4671500
38818988000
2746359200
2920748688
832931580
67521204
138739987790
882684091
30220
3971317130
99740025
2729373600
350232688
166443600
2063627269
5987178000
1651678800
4843000
33854832
358175376
470
2228025
11453614
74975629080
177358750
346178563200
269508455696
151816693600
1967994080
218088168
1639336050
66833316
64871388125
310323599808
58180350
1808427
115856
286936
5855184
2123108
223546650
824334212
4700
79202634789
1279072500
9742928
2971300
6170000
17266600
1601897100
1668792736
7628158400
11853625
221638010
189385844361
23952084509
49750
12769344120
43300741595
73517366000
3965460928
23220432
409503690
143133508960
17777393920
25710000
3358638712
2475062500
1057926864
5839588
82656
4545171
207018878
284180
31107336
76326195100
11518524
111139600
241508800
9436196900
15910609260
2137300
227916
1766650
858791960
110843000
1278226750
1676480
1160513275
13266583218
96989932
9351728
1102572025
49639840
63960
520268500
119270640
1374676
2919551800
16571219200
3224
192062896080
4527703284
3856550418
11624425800
3338225
540350305176
1660250
475203508
2569300
5426844800
1245560940
98642093500
831320322
247612750
832931580
562191
55122334872
5511717952
306141829345
16256363880
3359750108
1383002482045
5785
1013101700
5855184
7920662
1996879390
57646310
849106544
5728188
18667209600
11487843
882684091
470
638330826925
20899164
31913348420
87002550
4895400
1152517652
144867216
13360360
37803260000
123187
93677859
1473502611
22723310
10048150
842778196
13969885
11493560
1077699500
280480572389
44225800
1582017552
970297120000
11493560
2137863144
778777730
30539525400
474783311
30180848
7896798800
278673120
802332
2235466500
154680864
277826
177358750
1427912652
780699960
320921680
1358354820
236524480
7063445064
5465
21472973600
151382494
1657299160
13074300
46529928
28389666
23618140000
8283423200
834048800
29388365400
4326816
21231080
371548232
65
6073779140
13805248600
224269344
660130249
336871
873562
6887988
144792400
1010242
730626780
4038836828
11487843
289284255350
5860371712
82656
130394750
9449544
1278226750
404150916
433440664
256930
10279005696
454195000
21472973600
5792800
1286765360
74470
911139432
145537515
7301436740
1698941202
611398049
454731720
804183232
944824
1125296
16018971000
25281912
93517280
2266392920
92206400
11602785220
343722132
705172187
10782496
560218360
22280
3615242950
29195518000
1294940712
37846040
299712
102826576
341872960
1795590680
11261241900
1413795500
1841000015
9783228068
1492033470
622039792
352300142400
341269352001
398
4368
206618976036
1245560940
2829072
2310436
145014560000
1503942500
34727749389
66263891352
282438890
3856550418
76795290600
20284524
1420714531000
3358638712
1989208
30971275325
633153040
378350720
1053398247
449496246936
225122810
7610160
7637669700
1168034450
2705396200
225602650104
291879719
168381424
915955450
229536696
77669939
14987
130205781
26280
15531374386
68801595200
121290710300
1323650016
135790548
24556431000
39728
3451832640
5395299520
813624
4762968340
67352440
2910400
1001129520
1077699500
63505594900
4082900
688990068
10635955620200
11912893191
1197286243109
27188375
245564310
5621910
30150714
222800
147822175
3069575
673859100
23618140000
576383600
16515230
182502517600
3565000
7408100
1814653250
8450104
115038575080
690040
970297120000
5346981952
6777780192
57058451163
475046312
37240503360
543199488
356500
7465190000
1330116
13863943800
5751100
84126870
1527756
887235946075
4129418000
173666770
84200449887
1817112500
34530590
34559648
5968219656
40963609
13361
13583548200
77225390
185387424
310765624
272756888
114002304
9765324
5378361768
45377187284
5798386640090
413111088
922265500
1999487325
305973255
2308808
12908363676
585974349
1217602000
859076140
464773320
115887661776
2974632
757820700
157057
21805425
78543020561
6738591
467787887280
23105890000
19897641
295385274176
100378715
404150916
107769950
4058795800
3380
404150916
66717051768
922265500
287742002
11084300
315433208
96193124
105864504
121954941288
13361660
129199785
679863600
747769072
2849885535
804183232
247882775296
251558937
7685200900
11851632
11798579936
597367836
580164400
387363683825
170365
746825040
110896264704
432477280
54900496200
44
476611980
561703630
15177745388
12846573
3348612
3016854880
1270922500
876
1569239353800
4082900
11777555920
552032
7652145267800
4037500792
84
476190440
11008792
4340874800
5601863300
10739783914200
149405550
45419500000
16498820
24011144860
135835482
21550425
4644400
5249168
24805005888
543348780
17653074524
157144
1060352532
453197625
549499830
1224747513
6906384
5667205
652268345158
8399140
28246503895
662412650
1013954240
217113520
121574000
15825929600
29866225
550
1902197
1964244
127199200
307801708
828342320
38200
3583140704
17290000
3800831617600
2269614800
39728
7714456112
169344327559
32081552
826560
