6.598703202825462
6.801667462440769
4.053463250603256
5.957711044876099
9.280278542160794
5.347073564485134
8.25439276955014
7.002725397430282
4.867222880545489
4.708208764276895
4.289745894847085
9.010459175759518
4.495649208999152
4.957350230759213
8.858604958232457
6.2164137803706545
4.943726141717061
8.285429264510537
5.96970307860278
6.651907055212692
7.940408726713583
5.902818038588502
5.235619003132233
7.223368029738975
4.758271145459811
2.6118566088714816
3.700622896459431
7.334829428940001
9.27537594099849
6.836537382290606
6.64002741643494
7.808737975635541
6.631574246179485
7.057712477952144
7.326509932503741
5.409028364226538
8.411983974210024
8.956755730315251
7.167083826254899
11.002053729274937
7.848505795934377
6.604112424267717
5.562826348075768
8.268957185562318
5.8455206360402245
6.083927752958956
8.589158485219748
7.934920091009005
6.08540008557394
8.03739758878223
6.690505553135244
3.3843120940852365
8.05092714609944
6.7062944264327475
7.701215708864865
5.045631914928892
5.794638179837946
5.907965485171289
7.406235765453458
9.735029347403731
8.887559085224087
3.7799139372502473
4.990333607243034
5.499751820064623
4.101090662531428
8.021201279727343
5.184716062263274
6.713871524807777
6.793543801845572
7.3052741074160705
4.371367067411494
8.808296383204922
0.21106229788387865
7.0574567848436365
4.729103110872933
6.734167335900189
4.1498899471261605
6.132890032526106
6.158599554115146
2.4503737476214695
3.986198015091447
5.746757384405243
8.053131752887651
5.716609838615797
5.529075299772525
5.9717601752598295
7.60815203254958
5.138735206964211
5.395867286854788
3.9952333125018926
5.217714736875962
5.340788362064455
6.308363992310701
7.700086608863831
8.248891006423195
7.558973814786903
8.789037544481449
7.200958121155972
6.5527577695628105
7.830499407539878
7.275561048260324
6.675648301530675
5.160547779706138
8.86075043934855
6.054596976509953
4.546311601888529
9.814533585589611
6.4508269252051615
8.328715116829457
2.6251747431839654
4.85948808881639
7.24043320245859
8.662396332965645
3.731077703552676
3.3317371195369594
5.958040962721959
5.525805006651456
6.060353126187396
6.803817062089453
6.904861403386603
8.164793152292201
8.458639285384727
9.65695008479998
7.341830171887979
6.441964701886623
5.4895757441998185
7.221502123606658
4.258869379122455
12.109134403614995
7.18569844060373
6.5807233717720734
6.185135089228522
4.250732533211007
4.856337201842044
7.3466942985024595
5.870201303971568
8.089753508462255
8.520665654888637
8.034971482746238
1.298407767070783
7.364925202128951
6.5102057468889765
7.383311892056627
8.91991592956848
7.608988802671377
8.220077827768424
6.801038043548963
7.482742944240245
8.802802430162917
11.364945992139404
9.525731679769756
8.107220508533057
4.691556374025586
7.1894843182151735
6.271631198794574
5.467791988691453
6.087751471607032
10.221629169834628
7.333868393268175
7.281381047698977
5.416259752681642
9.023318370419375
7.530718978400684
8.873609634008407
6.559005031483709
4.313086676922731
6.151949346463422
3.052347824188419
10.161924862688897
6.836420956529686
8.078904647178383
6.943667424741186
7.187845138432701
9.093030920812307
5.499233201895951
6.377732322140838
7.353413488935316
6.90087820198512
8.76538658452374
8.517660926144977
7.7665289596683476
8.267078233314926
6.335094303122439
6.622828372768054
6.914101095389079
5.068626663259186
6.94412011300091
6.9391763451683195
5.590632449200682
5.347724061693325
9.096744979945399
7.948789070793018
3.4605562143111808
7.727034735507478
7.2510116914072125
5.5240310762470015
8.484576421720856
7.031775341616016
8.536718547988478
5.1831230478292305
4.60464806030541
6.326758675315221
5.019827378664454
7.525069474730476
5.8566667035789495
7.420877367160309
3.9043689878177705
1.6379262416525902
5.4119765063086085
6.7481313864223775
6.977108346354548
6.501775809448578
4.846646707646277
7.67902277488281
6.173729406706023
0.7768095528814924
7.621793552847679
6.319393433697373
4.118992018661898
7.18811673998586
5.00225709958793
7.018155552935102
4.640586432082693
5.051056384182663
7.860793746316197
7.712501245627004
7.722953772896666
3.6709150859439896
8.459564712228705
9.135010142082299
5.908112578126192
5.574402536033885
8.535979985265136
6.552757769562811
4.742328243544761
6.599484435203651
4.250732533211007
8.044658487228686
7.254036875926241
7.088458676879974
5.026112581085133
5.264014412524606
1.3949517923827588
8.052056246100474
5.373948645037874
7.810366669070563
7.259169481955892
6.480488915233797
7.35802969590312
7.406861076077542
5.478327377463751
7.192547996615027
7.515239676190407
2.031607515113689
6.8759072763949725
5.052787928915859
8.027929467742242
10.263031554181827
3.9167607419516663
6.610397626688395
8.549024062080575
6.447650456753774
8.21881473118024
6.8283822153216995
7.881018182593904
7.192547996615027
0.9787240751582623
5.051514506707618
4.809583023419904
6.021761199091397
9.63818390129013
3.6069163964268505
6.054596976509953
7.358029695903121
7.362277913102368
7.780506749655681
8.677875635175923
8.38994471727911
3.58557885730224
4.655418134961678
6.6333119069418105
3.4618658324005036
6.734167335900189
4.377187066850148
7.506264999985694
6.74140167557795
4.567373253431062
8.528382660648493
8.592697302026178
5.4119765063086085
7.494608750630311
8.240355468012153
6.671343637341314
4.832638136189056
6.038503597889859
9.630940027668679
6.732699608226452
2.7791280433363004
7.3720402061212775
6.118420317794298
6.333379813478958
10.150633383338285
7.854039909016166
8.21881473118024
7.314107875365769
6.452976524853845
8.809486318928798
6.2685317656575
6.752650042314017
6.234505438116955
5.795900879406613
6.250496283598951
5.476734363029707
7.4160607677101344
2.637131709345341
6.740968827297295
6.239684257647481
6.17616983319167
3.701583932131256
8.376844653247648
8.533140228355254
6.449931546415942
6.1927622699142315
6.348887205118793
3.4425436246212793
6.785223045015985
4.546311601888529
7.461466524030222
8.83309970922217
6.966404991990354
6.705558849909755
7.972634090083288
5.70722565714027
9.172077518411529
6.869399928497254
7.086480199458328
8.419812923021912
5.499233201895951
7.70627734933551
9.001561523942655
5.075909850454529
7.058088182272407
9.315680296319211
8.53176983135868
7.612827258554879
4.653713618696389
8.858404013689123
9.467329433741888
5.392107376486225
7.543388533850635
6.8736541418521275
6.823822831838596
7.24043320245859
6.67660152492824
7.027058288489897
7.760243757247669
4.978187787562662
6.185397028296382
8.766586860752255
4.695598632006115
4.869407568389991
5.813569258689878
3.083886636994317
8.939276143249817
6.0962069653409
7.133004148357432
6.8526163466841865
5.264014412524606
7.848511997229779
7.6973418340029705
8.537643974832456
5.318470750395414
5.3474593468993215
6.732894590209786
6.501775809448578
5.530760211812557
6.88831603270147
5.956447948287915
1.7441540880995927
7.252907775925207
8.716399653721119
5.814819726687309
4.2311147072307005
7.441480892148091
12.109134403614995
7.185182754997178
2.6135792295706968
4.6787149928554745
7.162140146442438
6.251098728331113
6.289486348031435
7.221502123606658
4.545981684042669
4.482606141475234
6.135072708045606
5.975128845727954
6.8458633074268125
6.22167166795758
7.427583774445764
6.1843113166724795
5.842307515092811
8.114269833007569
7.484528821469611
7.254036875926241
6.194751276857054
7.408553015187753
6.347822806448316
6.449931546415942
6.753727564134426
7.580750634803619
5.9081985139709925
7.882714933431568
7.763699157140706
4.941913445053539
5.366679858076861
8.655138638150618
6.320503100105706
8.36773495517983
5.3968361523681425
4.099841993731795
8.141998565164673
5.741795779290909
6.352551582330234
7.986560061723136
6.450600103276402
6.003648092266537
10.57875459443341
5.715041976036484
6.145764489567034
4.10767195799739
6.023354213525442
7.659043690819771
6.023928130322687
5.794638179837946
7.37561831309303
6.90309983893246
3.253444063520807
3.986198015091447
3.7799139372502473
6.970212840128717
7.051427275531465
4.967211685704364
6.620098517409854
8.956859824417798
5.7738390606509284
7.059160493115718
7.448625142860109
7.596454426650664
8.117369496903956
4.810516202162228
5.026112581085133
5.8213529327188756
6.341537604027637
8.731024526521447
4.9933660179474275
9.275787276545314
6.330489763574549
7.701084593638495
4.0682100664052685
7.955714284379069
6.054596976509953
6.355144318109913
2.9947110173146276
6.803817062089454
8.775911565837196
8.735377943482376
6.730200111228845
7.990953149203447
6.640326885267044
6.668595228688414
5.878181016006392
8.90525403871914
6.003862379885652
7.779377649654647
6.619372302893108
7.633297091721763
6.0805775624651
5.255843439409938
5.986258541187441
9.815700532421094
4.92938850296793
6.5600103257288875
6.397686489713525
5.166961643307813
2.3657717812158277
5.403667871201672
8.180591507903138
6.326758675315222
5.128447875899967
4.663697650933215
7.757315830898962
6.045092570779325
6.688826701029672
8.206166562491374
8.439994469871275
7.563249778829231
9.785883158843475
5.981363213277093
5.516803480972475
5.10860363282072
8.375018163131628
9.312423616184258
7.78096679085667
6.171469935502367
9.27537594099849
9.854168556465261
6.639241432715493
4.156471242592122
5.81447777521597
4.251062451056867
4.048589808187921
7.064455032653409
7.283530647347661
6.57176376832084
8.765142849768747
2.413746784117053
7.779478485997805
4.421574961083339
7.574167480244261
7.480894552183152
7.96488306605125
9.972910512708381
6.953623158217091
6.320503100105706
12.74395452727633
5.804888053168085
9.693986429359672
4.303454692274121
3.566502074178716
7.353023633125896
6.6383033817450405
6.401197874442982
6.901718854178004
5.4751656371161195
7.96015951661667
6.589504097150308
7.597126389129813
5.35591114200841
8.167832771066006
7.839237483913756
8.806462831964833
6.35364280588697
8.687063587164996
3.59513340083089
8.809486059856445
6.533295572847958
3.1446703215941447
7.438390016953427
8.692678060278332
6.17762768697895
7.7021411357088425
6.775987933640383
6.104343811252348
7.808297791013196
5.762677600419687
8.614113827402992
6.440224786117707
7.898968891804686
6.410923270904295
6.701585437866803
7.651287324269099
6.085730957495146
7.9162376960793175
5.892486182961012
6.961238163924003
6.619372302893108
6.441964701886622
6.935338571608692
3.648932630343318
5.2966070318945775
8.645690176965822
7.520930529071075
4.002481290489023
4.78260816687887
5.844561501719617
8.244137947422793
5.396826569187143
6.522178489383887
7.295430178082708
7.093801711119925
3.253444063520807
5.323614327609053
5.955802856464514
8.611471160815706
6.791950787411528
1.6163914002706108
5.97220789396029
6.176536463422215
6.356252446736642
7.269763978907592
4.695086812526448
6.4508269252051615
8.434053102436224
8.51586850741986
6.184832685666062
9.441392297405761
7.662439639933296
5.127156922382283
6.974698483149277
7.449888239448294
5.9763039204938
5.694800655480524
8.677875635175925
6.354102847087958
7.766528959668348
8.130735217273838
5.788352977417267
7.095680008120739
7.139855267452993
7.700086608863831
5.676333380391535
8.735377943482376
8.60871271899826
6.945222098443297
6.6279565141233725
11.74071112228495
7.5376144846265145
6.533295572847958
4.578933748146509
9.795393881577418
6.935338571608692
5.423122599946217
8.005721977517066
5.814819726687309
5.850846704140296
4.2280538058606965
4.220897791873729
8.140735468576489
9.027498660278784
6.752038411678589
6.715134621395961
9.63818390129013
6.966404991990354
6.0388335157357185
5.473082192003585
6.513061346210716
7.7805067496556815
7.1110663824068325
6.5527577695628105
6.455267231625808
7.677918942143572
6.921384282584422
8.66241524448564
7.331200831941359
7.464104445070387
7.621793552847679
4.1496881919138575
2.2633069496786553
7.610244406225038
5.576552135682569
6.8736541418521275
6.08194114828269
1.1828265783553353
3.592847139307433
2.21852122098416
5.333423120446606
6.726712905977889
6.662482946900944
4.706026088757394
7.3041605827527345
4.028263639843011
7.410401919583007
3.973989963986798
6.242940937782433
6.682839702061392
3.809207764596411
7.19974757098746
8.439873101874877
6.372423826189233
8.816851560546647
8.775432369173176
8.558335244023882
7.969059153459719
4.117314213758937
8.93288450056281
6.80479216858164
9.71897645430389
7.727034735507478
8.807629778796315
6.528679365880153
7.574167480244261
5.20109257035466
2.628192321268588
6.413387359138591
6.489373752310606
6.532267565644661
4.979316887563696
2.731598205494874
5.873324267167082
9.17605306012636
6.788784226466772
5.421224392811893
6.523016111308675
10.946335503778222
5.397927375924878
5.912404725572159
8.889088936218682
7.700086608863831
5.932273855394543
6.640390892291698
7.380123610238494
9.504458944154283
7.005765284484715
5.266850210441502
6.453988801372103
5.86674525190217
2.6546138510264825
6.254655943329652
8.39841987770939
7.124778045489454
6.682839702061392
5.9264672460742
7.375612439997558
5.483342280843257
2.5688882111547553
5.954019041504356
6.723084284686959
6.1329231083969225
8.064571744530209
8.485705667624186
6.423469316295632
7.382615878851624
8.807629778796315
7.499894581585216
7.543388533850636
7.701215708864866
4.708208764276895
7.304256543742934
7.288681280542457
11.74071112228495
4.809583023419904
6.118420317794298
8.64092079156438
6.584596508677391
9.574016094744543
7.861238240553097
6.454154238825192
8.972058055836104
5.877392599974223
7.688610020171877
6.383026861678529
5.449373250472121
6.358789200715906
5.904374764616946
3.6332454968087444
7.640112611967839
4.892529489928661
8.167832771066006
7.2712268350453675
6.402565205723537
3.7016614017698695
7.216370473403005
5.138772376990281
4.758271145459811
4.611969571967006
4.810846120008088
7.13147130025517
7.839237483913756
6.532267565644661
7.3199278748044225
5.269431005677172
6.056720645475614
7.413122484956153
5.515391061690124
8.760840948956865
6.397686489713525
6.033141863687957
9.177537532959157
8.517835340581055
7.028143741041447
5.225158516880379
4.5205853811194405
9.416806114457257
8.39841987770939
7.558973814786903
7.892625763643402
6.840214289546214
7.821139172183308
8.514404246010026
7.876907073049001
7.000938658580547
8.430070940807283
7.191633917863857
7.757315830898962
3.108832711179502
7.868158987934047
6.6698481885187935
5.218026247755027
6.692169542702563
5.236071708365123
8.401887930091398
4.696026265033218
4.584102272917505
7.326993200942724
7.640838826484584
9.220145918782437
7.991854601260826
4.526318055186419
6.452976524853845
8.34725024157847
6.851778378963626
6.132690559398439
5.1448998245521285
4.578933748146509
6.4225217177606
4.4190460628322015
7.569872367711473
6.426013920327898
6.502773794223241
7.9106438204272145
3.1905059042709905
7.700086608863831
6.080577562465101
5.878618806704773
6.078986874408255
7.751068568978065
8.324930500436553
6.904861403386603
7.578171561259076
6.412847685560955
6.5145345462857085
4.618206890588928
4.769766785708757
8.789037544481449
6.971155979919125
3.5939225692163506
8.05092714609944
7.283530647347661
8.069358168200491
5.826081708600794
6.943667424741186
6.424408180276402
8.25439276955014
5.106162996910523
7.609318979381062
4.149742107026567
5.547058364261149
8.360450945857691
5.97220789396029
2.844330166760823
8.992633447889816
3.416832020399413
7.847129395971404
7.512594901263858
7.764424362164586
6.593825587076524
5.581045570635494
8.51085534936581
6.823662219692555
4.97442231496902
6.079967744750568
6.871033931648444
6.192712565171191
7.677350469739348
7.881150501476645
7.109854604219767
7.6683757935346355
6.420229961716139
5.567062366599924
4.656430113866031
3.3317371195369594
6.3852844325755544
8.531769831358682
4.4270644838446955
7.059433956506105
8.563867462511672
4.812628115248965
5.7445357474579035
6.801667462440769
7.663232555878999
6.314284101848605
5.314537731809238
10.020811713792321
8.194333547819127
4.604611111202571
8.398019923687837
6.662889564693544
5.083341803120264
8.730120055895451
5.8996459887350285
6.067450375851404
6.9331450346468895
7.0365568448660305
5.974729101375135
0.9294087280209995
6.1715798070573396
6.584596508677391
4.309876520314847
7.953579851249443
7.378481266951946
5.157941647321388
6.149730512451184
3.035349731879669
7.522135182416238
6.426146095975722
6.094943868752716
4.620636772856674
3.32682301796242
7.775746853000014
6.067355713347084
7.640112611967839
6.035291463336641
9.307699424579862
6.423469316295632
7.837743281161329
7.633297091721763
5.138772376990281
7.775723059457945
9.876186434591178
6.984137856203424
5.735276202673726
5.850846704140296
5.205184866584915
6.989360373998619
1.7888517594618598
5.695736462863171
3.698767576720445
7.580750634803619
7.362173600712737
7.715588531278818
7.000938658580547
5.1645505244545165
6.281891367134678
5.969289329458027
7.506020556794099
4.1496881919138575
7.35802969590312
9.485112898681821
5.770782698340742
7.96596310524842
3.8194451403697904
4.6803080072895185
8.37877000497785
7.282401547346627
6.2887245875101065
5.219499668753251
7.854039909016166
6.417810468168504
4.78412173549293
0.8677972605886747
7.162140146442437
6.5914144682232285
6.949952627161865
6.401197874442982
4.62302869616683
7.002361810034113
6.935212163283991
8.04831031137686
5.481960927217824
9.019080594743325
6.552757769562811
6.849986543714929
6.5027012362925545
6.232974500134157
6.065496730857904
6.13633580463379
5.4257524029154744
6.10684203321237
7.350214139085802
5.945635074306534
4.9782256640069615
5.735276202673726
10.728463330844377
6.481491814970358
8.764761273899659
3.8650704758355534
8.013879768065745
6.87066158637105
6.743345668927311
6.821875491441263
6.787387877183432
7.603362530746628
6.330489763574549
6.405051731331374
7.222427550450635
7.666548201416193
4.553662226959155
7.064455032653409
2.9328175922714825
7.972634090083287
6.03231209752051
7.780506749655682
9.872929754456225
6.118548947396521
3.8884988053872265
6.865375083521316
4.822094486744156
6.242940937782433
5.068626663259186
6.974698483149277
6.793543801845572
5.798889975215576
6.144235635284604
7.7968106869810345
6.852078917390387
7.505229659646009
7.014895165372103
5.795556668999976
8.080174265580835
3.5696258992493286
5.087670602516996
8.117369496903956
6.345077734435382
6.85882226128005
6.023024295679582
5.712154281135055
7.621793552847679
9.09870786259592
4.89989473154651
5.81810014100259
8.119033486471274
7.939317503156848
9.693986429359672
7.385241125607905
8.810175835825337
6.614090280098812
4.478831646374449
4.9782256640069615
5.074911865679866
7.435729536874878
4.991677931113013
8.121893325863148
6.3852844325755544
5.074911865679866
5.43122723776098
6.741071757732089
5.403667871201671
11.401086309021162
9.211272573611776
7.508805092051401
3.499075680434462
3.312001161645509
7.139855267452993
8.508150203411034
6.268066562675475
4.2522134915266285
6.904861403386603
10.594756403819275
7.621793552847679
7.972634090083288
4.251062451056867
6.402565205723537
8.41308531584045
7.221502123606658
8.258187077806525
7.283530647347661
8.183577755619712
9.448065223496055
5.795900879406613
6.8458633074268125
7.117412803871606
6.705558849909755
6.023354213525441
7.1891456450105835
6.449931546415942
5.3812049136983715
6.185135089228522
9.367272670482295
6.591414468223228
6.927890808406181
6.005797691915221
7.46222499244997
8.267321782376213
3.8425670619084604
8.624192021208538
4.696794956385043
4.582586241549725
6.452976524853845
5.877723593860763
6.844160370430707
7.349631854042411
7.64217974060494
7.089004563651148
7.37561831309303
2.416836385663042
8.548004084750618
6.87066158637105
6.355144318109913
9.045222003117352
7.1798784411650765
8.536718547988478
4.018874076462137
5.900643973509692
3.5135560985166165
8.34725024157847
6.852616346684186
5.044630138367179
7.688610020171877
7.660294158817203
4.262614658286553
5.495327280214208
8.484576421720856
4.820831390155972
6.170262445361102
8.089539715049854
7.228031145320618
10.202775509605907
8.285686205048762
8.458639285384727
1.3407118908514106
7.469058863140694
6.593825587076524
9.643931541211277
7.332329931942393
12.10850598631172
5.995104646948333
7.719403652758654
5.212689905973761
6.446788997207342
5.842307515092811
4.418656692271513
9.149635014882627
7.9734669181144495
8.362076107052703
4.148762765069881
5.206447963173099
8.021201279727343
4.86718593144265
8.383664520743988
4.880824164009562
4.409423471813915
6.7674976934799735
5.758489777560023
5.42636460527595
6.559005031483709
4.178459717004485
6.134186204985106
8.616009588779296
6.3135944701677555
9.158470316031924
6.976990209220807
6.173062949936412
8.100439469397806
7.173039900790388
5.417929105610472
6.222528691300756
5.815680647454956
9.615907166755921
6.639553849742472
8.197163547515009
4.8224244045900155
7.780506749655682
6.454154238825192
6.823700096136855
1.2903264145319293
5.636748920020331
12.74395452727633
5.870715833962681
10.07192043342366
5.241913986702453
4.771029882296942
4.973496888125043
3.984683459208958
4.547865157606423
7.2482168764875885
7.005765284484715
8.71653197260386
4.840185449444521
6.5027012362925545
8.980319061293878
9.289193407878543
7.782008261878625
4.2280538058606965
5.347073564485134
1.8336374881563557
6.133246712225265
3.790683743044406
4.572646644374613
8.21881473118024
7.502973266622308
8.432629228253425
5.534929629171572
7.828277770592537
8.19957727921785
7.733348483458997
4.506495364177383
5.922513152767864
5.132141087714997
6.865375083521316
8.697832303233445
6.164442445922448
7.430512036035248
9.330003253599504
6.767652305833167
8.887559085224087
7.233602262751894
4.583043263752671
7.112597266659878
5.9516173231832346
9.698889030521975
6.632048810353627
1.567847073545916
7.770432734626028
5.795900879406613
4.658023128300075
9.58949539695482
4.376095843293412
6.348859115689234
9.322809815452537
4.887420158079893
6.522648224775905
3.5403477419356526
6.009153777332063
6.960988399834941
3.6259239851471476
7.881018182593904
5.023221599563753
8.61256238437244
6.067718367805244
5.347724061693325
5.335322004555353
6.328256361017098
5.097779029712701
9.048657496616391
8.136803762292995
6.171807687540297
6.242143174346814
6.710163965029718
6.347822806448317
8.898990708100351
8.138856015956073
8.167832771066006
7.375612439997558
8.004286560216679
5.855166967320242
5.206777881018959
2.621725864419209
7.285054000948653
5.632437693854651
5.4895757441998185
5.374174099780252
5.373948645037874
6.038197064553494
3.807684801315893
9.477791089868152
6.943667424741186
8.552255880128246
3.282937834942227
8.766586860752254
4.097909541502993
8.009341340102157
6.495143201841234
6.0372405013016746
8.06725483606041
6.309627088898885
4.051463433695039
6.937115317296202
3.8600838549348317
5.132450004543532
8.86525396072214
7.660294158817202
6.739808661143906
6.273260541539418
8.3626000895718
5.919515118557413
7.82375818170348
1.7345067928562288
6.331580987131286
5.716609838615797
9.546287171806327
5.792604772794897
9.932247819069012
6.1204879753881345
7.606003333843867
6.824791319693589
7.780966790856669
2.836237041067844
9.03754828332901
6.558379720859625
7.6206045161432
7.333868393268175
7.078322408909648
6.554020866150994
5.120871719961604
9.03754828332901
6.0840907479313735
8.827827920648181
7.977742260711107
8.457175023974894
5.125893825794099
6.546602974345738
7.1189550179737004
10.052201553499197
2.71561361888049
6.271631198794574
8.207350001906786
5.021804506059047
4.611969571967006
5.347724061693325
2.6178095015661165
6.942255005458836
7.845820000459164
8.59599185860543
7.70851654630423
5.524031076247001
7.598443750826052
8.15224121793899
6.681400826634112
7.151057222599523
8.517660926144977
4.018874076462137
6.950878054005842
8.335483455731179
4.597881975637016
5.921979954382432
6.7059848553455215
6.928433607058934
8.935820940525021
6.455267231625808
9.287850514465108
7.505229659646009
6.250486525970637
7.3643232003614205
7.718517630964882
8.746791818573133
6.804263528677049
8.138856015956073
7.948789070793018
6.666661927753127
6.528275823592523
5.396937544902417
4.638670663533492
9.565852278607526
3.03648723427233
7.289535709952407
6.612477211913095
5.958040962721959
7.9295651800612665
8.891810880601717
7.831622706357064
4.359446308774286
5.218026247755027
7.461466524030222
3.4883081761991854
7.059160493115718
7.688610020171877
8.935820940525021
2.9654577060167173
8.592071991402094
9.756118252557107
7.170219138393453
2.99175716090038
8.323088844904708
4.823120796558521
6.132890032526106
6.19671337381045
2.936172225474787
7.383311892056627
4.941913445053539
7.362173600712737
7.916237696079318
6.392813907245158
9.602164952404772
7.117412803871606
4.856337201842044
8.206166562491374
2.1685993749080383
5.62585639838869
7.547595468218133
1.1536450929085964
10.630896720701031
7.124778045489455
9.463865633373128
8.950380319719862
6.251054998374861
8.03880462421884
7.487409894336305
7.485154132093694
4.466052909400761
4.19848747650859
6.762193379647871
7.638187260237637
6.562311629687947
5.8213529327188756
4.869616261284241
4.262310817792935
7.237144315150972
6.928433607058934
9.872929754456225
6.145764489567034
7.603033776960382
8.064741760554968
8.419812923021912
6.172193469954484
8.513049839396922
5.234157594869078
7.231751996936797
5.47139841727704
3.9960517827424824
7.043831435455479
8.119033486471274
7.13700351874296
2.4411255233257734
5.742947913721832
4.668434452486917
8.913899330694072
6.0346025802615095
6.413387359138591
3.8884988053872265
7.662439639933296
8.716136018500942
8.473809369885934
6.219097312400316
7.2787313456417895
5.712991323684282
5.437512440181658
7.427583774445764
6.181992540019923
7.086480199458328
7.954457857097314
7.505229659646009
6.054596976509954
6.12195075629516
3.6355306592210312
5.501026864637469
6.750478271377764
1.0357964209390413
4.160048301832019
6.763688222796563
4.545343950191578
6.550878316942395
8.499103963812727
8.38994471727911
7.270585181097618
4.0971671324782895
6.738003922058554
7.597126389129813
7.319350126729724
7.162140146442438
4.0971671324782895
5.376953118320742
6.743654444480766
6.921605605985501
1.73032974377884
9.317344285886527
4.891459231881032
6.164442445922448
6.397686489713525
6.851778378963626
7.074625679411152
10.621385997967089
6.532267565644661
6.903598306798418
8.109703645830104
6.565599150732923
5.243841565245333
6.019910040382538
8.053131752887651
8.231656112350352
7.363230316253805
5.6905488601028935
3.9860014353948268
6.476537239612529
7.1038146640332345
7.940408726713583
5.8929168531694724
6.201097897721448
6.938492962877742
5.127486840228143
5.185613268144383
6.0840907479313735
2.7821822733716877
5.087348781341716
6.652022460649091
7.031775341616016
4.640491769578372
5.8221254627511625
5.84122206254126
5.716609838615797
4.810846120008088
6.412373540145045
8.065167325513752
5.900643973509692
6.5807233717720734
4.990333607243034
0.30346580001012835
6.53110658589758
4.605448153751798
6.250486525970637
8.66241524448564
6.9211124286223615
6.994503574467523
9.63830526928653
6.90087820198512
7.170219138393453
6.182787006765463
8.592071991402094
7.237417160122705
5.954019041504356
6.081414605014327
5.493827539577449
7.405800973294556
6.6383033817450405
7.981878352134949
6.698663343683925
4.634839509864827
7.850346697201138
8.887559085224087
6.3645880745438586
9.707803896239724
8.520665654888637
6.241511849765923
8.612562384372442
4.669985540999792
10.087399735633936
6.036574272369698
8.220077827768424
3.5478749650291945
7.396567022371492
5.95687521077016
7.397643182745876
3.603898818342228
9.888982647556068
6.025826693409823
4.525357019514594
7.6044916307476615
7.530563427772482
5.9634693300193735
6.865375083521316
3.8150500429337413
8.119033486471274
6.259532077173725
5.452467155796405
8.581424643330042
6.840214289546214
8.868115680966397
6.651907055212693
7.275334226331565
6.934973975304339
5.155792047672704
1.13237697214268
3.5513617202382495
7.085999122722564
10.884257188215956
9.71897645430389
7.1894843182151735
7.7805067496556815
3.228729127548093
5.298924777098592
6.132109871018191
6.038197064553494
1.2068733920585264
7.330249881077675
5.017755939785045
3.596533576724379
7.348568425404464
7.953579851249443
7.7264529772331665
7.3466942985024595
4.495649208999152
7.2531919392957205
7.530563427772483
7.608856483788635
5.995104646948333
8.456165849323867
9.084955253933906
5.869651686865547
9.71561805000842
5.821352932718876
6.804263528677049
3.4618658324005036
5.120300017340901
6.181288088780868
6.662675771281142
5.873929220628762
6.832408586589363
6.394914408854982
8.100318101401408
7.029243667952681
9.416806114457255
5.638110157114432
6.208582747601735
5.577831082668374
5.49474166221679
8.716399653721119
6.348887205118793
6.254897903943808
5.437512440181658
7.115837603497003
4.7658983261455194
1.298407767070783
10.85944986505449
6.1568040971908715
8.037397588782232
6.0840907479313735
5.912404725572159
7.013130526102564
7.498552634562113
2.7577223732956924
4.1498899471261605
7.92384014800719
8.964478428395227
7.448625142860109
6.184311575744832
7.565769504121104
6.145648769363236
9.853205888504583
6.076173187025104
6.234699833450942
6.261746076403165
7.672647364287422
4.887420158079893
9.96482648394003
8.745267934577694
8.220077827768424
10.32609820093035
6.640326885267044
7.572342660842265
6.629444097709392
4.463283933696009
5.871801286514231
8.291325490172348
7.383311892056627
7.502973266622308
8.044174106842066
6.8819471231331875
8.164793152292201
6.045092570779325
7.548352162753956
9.884300495183606
6.456033691445608
5.257722892030353
4.462213675648381
7.752420144936127
6.367691936270701
8.20850693100532
7.451001932174102
5.870715833962681
7.877099712546514
7.565702950352458
8.551459287475414
7.856509464671179
5.47526472621384
7.419876968163778
3.099454111417707
5.702343975612229
7.348843898151143
6.980746077119939
4.709801778710938
5.677596476979718
6.268066562675475
5.9717601752598295
6.698663343683925
7.876907073049001
5.994237197199774
6.184832685666062
6.9136369388222505
9.275787276545314
6.524642973481413
1.9005375877843318
8.516537001139115
6.194751276857054
5.890147877464721
3.442310409122877
6.836537382290606
8.155430713928036
3.5466329443563316
2.392581196601079
7.609318979381062
3.5896285202294855
5.49474166221679
8.723769439569573
7.650362485297978
6.501775809448578
6.147914089215718
7.0254901391953375
6.144235635284604
5.195964428999343
7.850333260064344
4.346975116882216
4.8076414943482435
0.47367364401562023
5.762677600419687
9.63818390129013
7.8017243322759695
9.28765769008491
6.185397028296382
2.319148076145513
7.248216876487588
0.5187051469713957
6.339665015899636
4.59649026975673
7.796369870962156
8.573766223174246
4.7937374661412395
6.480711975467557
4.717371691515892
5.213462941498332
7.051922395302992
7.586769537684544
7.5306957466552245
8.51085534936581
6.347822806448316
7.812148376344266
8.181110654415166
3.971842078038846
4.97433393067427
5.195964428999343
7.300793164397474
8.013879768065745
8.864859000831446
9.287850514465108
6.347822806448317
6.4269714437079575
7.883978030019752
7.054478783527531
7.657958991282452
5.689478602055265
6.529543731001736
8.200618750239805
2.5465711487041784
10.150633383338285
7.695416482272769
6.347020690971118
7.7829336887226015
8.438744001873843
7.995772285931421
8.186250356030264
8.893706508841465
5.166961643307813
3.905488918630266
8.11688388682259
5.349329846542449
7.007189158667512
4.669672939418048
7.350747516906652
8.096529430504754
7.9185358341750876
6.134186204985106
8.107220508533057
3.7289281039039923
7.332329931942393
9.823200780718722
8.044658487228686
8.889221255101424
5.366679858076861
6.162220808975108
2.7821822733716877
6.949952627161865
6.986276767731205
8.068972385786303
5.712154281135056
7.2914151625728225
5.504738440965345
7.252907775925207
6.810992664242605
8.350623809671646
6.288400895479885
7.1893798365740444
3.97310517462703
5.9879519947790945
6.790108887706437
7.902315730829692
7.955543309648864
6.458427096478113
8.687093528507589
7.638187260237637
4.847909804234462
8.360450945857691
7.995772285931421
5.247357245127261
7.86129930266944
5.873929220628762
7.381432439436211
8.296074535406294
4.361963589665709
6.282115693059206
7.610244406225038
8.586443259427188
8.616348261983884
7.0465670024845535
3.1446703215941447
9.504458944154283
7.956407674770448
6.314309867254981
6.710163965029718
8.20549264861225
5.951891045437446
8.589004090211148
6.760287064215317
7.300793164397474
6.581066850239393
6.191676817362682
5.907965485171289
3.2460120703086934
6.0057976919152205
6.296089829127955
7.671843918827208
8.052056246100474
9.233282282161491
3.9965891974726935
6.103699484003771
7.385241125607905
6.423482753432426
4.746865462937312
9.119935392143905
7.191633917863857
8.470666734461654
3.8720608333298805
5.36337897692618
7.939317503156848
5.530760211812557
7.844491710154466
5.813569258689878
4.7461990061677
6.405089607775674
5.9374592565927085
7.496403034913429
6.308758365825902
5.419942161105134
7.446754229402628
7.648242345831195
5.257433117058644
6.4271138472391325
6.471494082135891
5.452467155796404
1.7888517594618598
6.487325148488176
4.755732546250235
7.927642714913315
8.860443880994906
5.396937544902417
3.9408883458962616
7.29706524774028
8.732865037987386
8.011460452446103
7.408891383577776
7.1846072170469935
6.554020866150994
6.05403060841444
7.289272074732231
6.950878054005842
6.0421949193719815
5.034645887229159
7.151505078570967
7.382666800233226
9.395923097228431
6.7062944264327475
3.475500093820188
2.1531172812174098
7.380123610238494
8.533140228355254
7.334829428940001
8.490989058576261
4.518775724048632
9.52256642628861
6.450600103276402
5.132141087714997
8.276454588305825
6.905844800187271
6.133193255425191
4.919851626297855
7.354277854056899
6.639241432715493
6.10684203321237
5.417409051291651
5.619885760498594
6.782273136061063
7.057712477952144
5.749843419947664
6.905970649555633
5.042011128847007
6.696294949445884
6.6383033817450405
6.644890191523739
7.67902277488281
6.171469935502367
5.697914101720743
7.70851654630423
8.90525403871914
6.162220808975108
6.726712905977889
4.892529489928661
4.869616261284241
5.793335032052636
5.206777881018959
7.506020556794099
8.266190857451582
3.6489326303433183
8.687093528507589
6.397686489713525
4.545343950191578
8.034971482746238
8.214245508132617
7.7264529772331665
4.393158692334655
6.552757769562811
8.24467794980411
8.420613107531802
5.864551218804111
3.92418823447287
3.8425670619084604
7.282986872311551
7.7857225228901035
5.8221254627511625
7.522135182416238
6.67660152492824
6.135072708045606
6.999677338600574
7.073567484482683
7.7573537073432615
8.336574679287915
5.92335019531709
7.133113673296672
7.876378594493563
4.758533084527671
5.773969079770299
6.446788997207342
8.119826197226047
7.117412803871606
7.980791606258837
7.487797147446688
5.580317905428285
6.009120267472577
2.637131709345341
8.362076107052703
8.02947752970423
6.2355756961645845
8.022112288086381
6.560010325728888
7.700086608863831
7.407298622508298
7.364925202128951
5.154202906470681
9.735029347403731
6.520193394412836
6.554020866150994
3.1777471674338598
3.312001161645509
5.478447741751552
4.97433393067427
10.04561903695379
7.819757167023401
4.640491769578372
7.208550029298867
7.271338798026258
7.319350126729724
4.428632941397391
3.991065161841761
7.612827258554879
6.172458184748487
6.183871992640339
4.919851626297855
6.452976524853845
8.132848799114234
4.391236197233878
10.543306735363338
8.723769439569573
6.214803263413451
7.028143741041447
3.0663772655779926
8.597083082162165
5.861813098407886
6.038503597889859
7.391073069329485
6.010239229883614
7.137134779871627
4.391236197233878
6.852078917390387
9.609898794294478
6.141241491841754
7.191633917863857
7.750940420303575
6.038496248859775
2.353013044378697
5.11960862337342
6.274351765096154
7.136991231759477
8.616009588779294
6.346715570066566
6.529543731001736
6.151307617490364
6.219450031010239
6.53110658589758
7.271839037405843
6.410445226550657
7.449926425386924
5.930137744931113
8.457175023974894
6.871587013215026
9.077043139411082
7.460695141455375
4.424902774024193
6.050081882471787
7.745846551677524
7.185353721328734
9.17605306012636
9.135010142082299
7.088335495276895
5.994013423391597
10.702239884767202
7.810366669070563
9.331159598529487
1.6163914002706108
7.291415162572823
6.882673337649933
8.432629228253427
5.28860059547311
9.565852278607526
8.330111589753924
6.7234709756632896
4.605448153751798
4.337253375935521
6.135072708045607
7.449888239448294
3.8650704758355534
6.90087820198512
7.304256543742934
7.766528959668348
5.034645887229159
5.975128845727954
4.499603302305489
6.461509830997871
6.953623158217091
1.13237697214268
7.007181849196996
7.780506749655681
5.788352977417267
5.8996459887350285
8.980319061293878
8.858604958232457
7.465367541658571
7.862329464109832
4.193021816729882
7.229191430730948
7.382666800233226
4.369036935637901
7.1891456450105835
5.64376900524156
5.768460264772224
9.223233814730868
8.80171120660618
8.459159934637245
4.795664747532045
10.344205683064676
1.2233992779541503
7.20083302353901
6.85882226128005
7.719403652758655
6.588248766024076
5.689174761561646
7.8196778510138705
8.013879768065745
8.387852343603653
5.795900879406613
2.031607515113689
6.170262445361102
7.285054000948653
6.502773794223241
7.096943104708923
5.842307515092811
6.791950787411528
6.482892602041154
7.972634090083288
6.289486348031435
3.204484722554715
6.830607486071946
7.2712268350453675
8.718203147138045
6.339211059470144
6.074910090436919
3.6606283092653027
3.973989963986798
6.621446367608147
9.703497152093615
6.19671337381045
9.586163143018906
7.401931237059047
4.679978089443658
7.1929337790292145
7.585311597584916
2.3797505994995523
7.669804881551144
6.852616346684186
8.626611514756172
5.871801286514231
10.089260276734358
3.8437003294317535
12.82474708029009
5.257433117058644
7.1038146640332345
6.881947123133188
7.519928359901012
6.745369163676403
5.573133583740819
8.59516685768119
5.70722565714027
7.81967785101387
9.814320388194549
4.62302869616683
8.573766223174246
6.401197874442981
5.030432844265079
5.881560303377585
7.370630244160148
5.4457380202308485
6.3687773888222505
5.697914101720743
7.151057222599523
6.35364280588697
8.828795180827758
2.660655893466214
9.079640786546406
2.1531172812174098
4.527155097735645
6.547163961109613
5.670409078786071
5.482249254995521
7.565702950352458
4.180444232086459
7.956407674770448
9.359569582951611
6.852078917390387
8.126201607821434
6.931946792525206
9.308014445245357
7.363230316253805
6.096849484768503
5.1448998245521285
9.403640102988287
3.603898818342228
4.808423484369175
6.853228549044662
10.052201553499197
1.2277499072577707
5.042011128847007
8.022112288086381
7.149893516708758
6.234699833450942
6.4688750726157185
7.667185872030973
6.624101078775027
6.645565029967843
6.587411723474849
8.051539348459915
7.722867032104116
8.537643974832456
9.36852169948247
9.177537532959157
5.438511139752604
7.850333260064344
6.060417897751815
6.741071757732089
4.45065810820231
3.8321220448498257
7.291339203369332
8.108171093426513
5.153859428003362
9.171777717529704
6.352551582330234
7.557907599545219
5.802959787062124
5.544292036150413
6.348887205118793
7.826267313538626
5.811638668905545
4.91821379066667
8.541805643755987
6.009450185318437
5.983537975814295
8.508150203411034
4.608427519567929
7.3831138439147885
5.851867401873077
5.5481644572264255
6.919386958813883
5.339708322867285
7.995528736870134
3.701583932131256
6.412373540145045
4.885810784910284
4.557559968624597
6.319393433697373
5.885680606181845
6.6383033817450405
8.61703139468719
7.029243667952681
5.920600571108963
6.001037248834239
6.773937508253846
5.575626708838593
7.655607587449045
6.457296788033791
8.963590139011234
8.620279390132298
7.701215708864865
9.308671774338036
6.4347682901945635
7.003823099235478
7.2787313456417895
7.5360232922327866
5.8213529327188756
8.438744001873843
6.3687773888222505
6.625192302331762
7.563249778829231
7.156351762137213
6.392813907245158
7.949173916133664
9.048644059479598
7.304587537629475
5.903207917464528
4.421267699779541
8.616009588779296
7.779034171187328
3.920860117924613
8.349317370215571
7.1035694017990885
5.266850210441503
7.585311597584916
4.80799000898586
6.243757390405081
5.442762935130235
6.1914139811320235
6.434435358900729
7.719403652758655
3.8848776710611475
9.380443795018156
8.006728742594966
8.03948996245769
6.0840907479313735
4.120194420492437
5.052787928915859
7.21198501347879
5.3968361523681425
7.837864649157726
8.328715116829457
2.525234922345418
5.8996459887350285
7.586769537684544
4.862622404262723
4.5558118266078385
4.318823182588903
8.128894705807898
4.89989473154651
7.396153273226739
7.5376144846265145
7.508278548783039
8.7882614439945
6.288400895479885
5.978914075315036
8.116073326424495
7.146375513011336
6.664054628136494
2.480011767879796
6.319393433697373
3.1777471674338598
6.760287064215317
5.339708322867285
8.548004084750616
5.955802856464514
6.995898763411773
4.285290337366344
11.654446776536087
7.48420318123001
8.285429264510537
4.8607903856937655
5.097779029712701
7.296515630634259
6.4574440040968994
5.0233975204930905
7.701215708864865
9.030081649176886
7.232787660368796
4.9933660179474275
8.148263426577119
7.499735354373421
6.502773794223241
5.969289329458027
7.435729536874878
7.264473795787994
6.831166730288977
6.032312097520509
8.271024314199419
7.877464047045113
8.007930794008105
3.072739358536777
3.8029225621757314
6.081414605014327
5.331232931586483
4.367622467183636
2.715000860071845
5.204710302410773
6.943253461842594
6.270140769033598
7.178836970143121
5.804051010618859
7.955543309648865
4.631124811824727
5.030762762110939
3.504145328958284
3.700622896459431
6.6333119069418105
3.3839821762393765
10.800329323063643
5.603326550624455
6.308076403898419
3.119447658119817
5.956447948287915
7.375612439997558
6.067355713347084
4.627656705501581
8.324930500436553
5.4457380202308485
5.853903870732059
7.560110655993977
5.855575480022214
3.035349731879669
4.569440382068163
7.476945826240499
4.249469436622823
4.211246213345721
7.368563115523046
6.2573820321964675
5.288018056751172
8.764761273899659
5.826327995527008
6.6531159264781365
5.101533797530295
4.9615761294878356
8.03880462421884
3.2415705087182047
8.027929467742242
4.807703570799489
7.222427550450635
4.749943598611747
6.367691936270701
4.527630930969181
7.960159516616669
3.8600838549348317
6.067450375851404
8.808428702087664
8.20549264861225
7.469058863140694
3.3910267617650325
8.477042145057043
8.167832771066006
6.260918003453992
8.745700595016398
8.797907775274517
7.446745690239694
7.862329464109832
6.158599554115146
6.1733064989976985
6.8388404500773206
8.023102119108843
6.480488915233797
8.76538658452374
6.130764769496237
6.0057976919152205
7.669804881551144
5.4751656371161195
4.627733032741242
8.484576421720856
6.250486525970636
8.796644678686334
8.899526508280118
9.643931541211277
5.601279797272735
7.3852921350094896
6.060417897751815
6.134516122830966
6.939176345168319
5.793335032052636
6.934973975304339
7.718517630964882
7.447854156313863
4.815799284896924
9.441392297405761
6.071688690793402
5.501026864637469
5.087670602516996
9.027717670008826
9.574016094744543
7.007189158667512
9.191501583481346
5.325174467909878
6.2117320707824675
5.053624971465085
3.567587526730266
8.59394777002361
8.214245508132617
7.120040470525251
5.3783963500143175
5.945635074306534
8.858483590236059
7.897189562046495
6.708096836392616
5.8996459887350285
6.087751471607032
7.149893516708758
6.417197551011746
7.306001094218674
7.695395709426212
4.7365082441061075
6.325797639643397
3.757852118494563
8.198375325702074
5.869651686865547
7.856861094029707
9.630940027668679
7.4568219316127555
6.17616983319167
6.192712565171192
6.19671337381045
8.11688388682259
7.5169036657577255
6.151949346463422
6.399794140896523
4.415443571324099
6.903598306798418
10.598941462180239
5.802921910617825
8.365667826542728
8.473809369885934
7.752331665566248
5.023067602647231
10.124696247002156
7.749325278657031
7.609318979381062
8.374153798010045
3.6177661945984676
6.113421524380375
7.227168066025095
8.136555216712491
2.633737335827238
5.031563152709401
6.502773794223241
6.235287428137887
6.3044737963257775
5.84122206254126
6.132109871018191
5.525688956400751
6.778465359804323
4.970822545944813
2.962915984781806
5.983338459841757
4.048367847883557
5.374174099780252
6.7021267230293855
8.057165620384664
6.036686867159817
3.330598882711331
8.520664499269035
3.681834246802769
7.7711353024765515
9.367272670482294
3.4645952881123208
8.91991592956848
8.616009588779296
3.542888344128473
6.842093241793607
8.37877000497785
7.960159516616669
6.1824550356123495
6.8458633074268125
4.691685003627809
6.483088549889928
4.81689344663637
7.46222499244997
6.406562483140275
9.700956159159077
6.9331450346468895
7.515883510915964
4.395519443606911
8.896805941978538
5.920600571108963
6.639553849742473
9.519471560009512
6.6834970311540705
7.978364464655999
7.312544549950557
6.00359738223171
8.121893325863148
6.750478271377764
8.439873101874877
7.320261555710414
8.044174106842066
7.698495142563286
8.336574679287915
7.2649366302741925
5.204710302410773
6.183871992640339
8.383664520743988
6.023024295679582
4.527155097735645
6.766572266635997
8.822464641350699
6.698663343683925
5.717535265459773
7.777814496430486
6.904861403386603
3.8437003294317535
3.8643966357522253
7.611696629434773
7.348843898151143
9.306169573585267
4.60464806030541
6.6434932280931225
9.619504037996185
6.903598306798418
7.772494061283728
8.697832303233445
7.672647364287422
8.92126457231192
5.687356527317886
4.561088051010382
3.705118444861358
7.6044916307476615
1.0357964209390413
8.004286560216679
4.656430113866031
6.354102847087958
2.8393435458601015
5.205184866584915
4.186176933574456
5.70831110969182
7.13700351874296
5.632375617403406
8.775432369173174
6.201687241375905
4.5558118266078385
8.20425513562769
6.984209639094104
8.613101231134156
6.102508332895631
8.347976372391074
7.560189518076644
7.169127914836717
8.683968720885899
6.3645880745438586
4.709801778710938
5.413656958684456
7.101317871539831
7.80956088760138
7.306133663681398
8.535979985265136
3.1316035852243296
3.8202821829190166
7.487409894336305
8.126201607821434
5.811638668905545
5.194062954338721
5.9990172780245725
5.240177694379262
7.173593238744397
5.62585639838869
4.283460692426406
6.322927946427475
5.264014412524606
8.002127861504707
7.547351919156846
3.757852118494563
8.935820940525021
6.916439687968531
6.110239852249176
9.134272361446213
4.78260816687887
4.649639161102252
9.367272670482294
10.09012168001697
7.410252855161028
6.924845318454485
6.435839091727401
6.38652870482448
5.978937029525844
7.779034171187328
8.008421371917603
8.957396164986761
6.631600979445655
8.716587299929008
7.764424362164586
6.934973975304339
7.492874865719793
7.425881221793284
8.624192021208538
5.418999363658101
3.3915227030792066
5.978937029525845
8.807629778796315
6.9439756468741916
6.32139107684069
5.660524475063634
5.0390983899181565
6.073014561474212
9.778180071312791
7.013009158106166
7.349055019698407
8.797494187928859
7.597126389129814
7.185182754997178
8.715545224311168
6.399794140896523
9.700956159159077
5.478327377463751
8.354549965649674
5.717263612983824
7.538650958886433
7.353023633125896
7.01191793454943
7.89555631460168
5.184716062263274
9.914710453136372
3.5135560985166165
5.766647568108702
3.6943376940387522
3.5343659889771075
7.363187836131939
6.984137856203424
7.666548201416193
6.831166730288977
6.418956056690453
5.132450004543532
7.929637737991953
8.102512245299387
6.621446367608147
8.286959115505134
7.954457857097314
7.254036875926241
7.861238240553097
8.439994469871275
5.160547779706138
7.264473795787994
5.269671465800681
4.6173698480397025
4.506495364177383
2.3042137597839645
7.4409517491822115
7.597126389129812
6.037424029028924
4.367622467183636
9.191890091850809
7.18569844060373
8.459159934637245
8.15224121793899
5.5693415064179135
8.029996596379345
6.1927622699142315
4.996618809663714
8.068972385786303
6.38652870482448
6.261746076403165
6.560010325728888
7.120823952183118
4.370246778237469
3.0732243393876635
7.001266479802597
6.410445226550656
9.11454849549457
8.100318101401408
5.994237197199773
6.724825855879059
4.531177018953247
2.9871625588771136
9.866675711857235
8.290289282432347
5.524773485271705
9.158470316031924
4.7365082441061075
5.877392599974223
5.919947079484297
4.267277747676442
6.444541722784482
8.32379228335586
3.8543264418750875
6.7021267230293855
4.640586432082693
8.053131752887651
9.077043139411082
6.810992664242604
8.835416958956465
7.332329931942393
7.269301483315165
4.657693210454214
6.830607486071946
4.604611111202571
3.567587526730266
7.25319193929572
4.41468640431358
5.476734363029707
4.646664294221877
6.105578936624186
7.446754229402628
4.656856167904989
6.971368257923992
5.481960927217824
9.703497152093615
4.344110221010433
3.4940890595337404
6.289486348031435
7.932705639182899
7.408553015187753
4.8076414943482435
4.973496888125044
8.205329303573034
8.186907723767899
7.881150501476645
4.869407568389991
8.457175023974894
6.608107538977526
8.37877000497785
5.7445357474579035
6.522178489383887
5.562826348075768
6.532267565644661
2.0524840303129332
7.167083826254899
8.773160454010856
6.132890032526106
5.395867286854788
7.89730508052911
5.206447963173099
8.45503682143692
6.92245342644686
8.877249773745909
3.8308589482616417
7.384574988644811
6.418956056690453
7.396567022371492
8.449537122122372
7.515239676190408
7.120040470525251
4.369328831283558
7.013009158106166
7.304256543742934
7.645961256169027
3.820036663834463
6.68270738317865
4.807703570799489
6.5445931145217155
6.453901951697822
8.787104924812107
7.3041605827527345
7.451001932174102
5.240177694379262
3.3189126794495825
7.627274068752893
8.743723690580486
4.439280289469443
5.433161642623092
6.219450031010239
9.036182923149774
6.245815881304268
7.3199278748044225
6.678112568318949
3.3915227030792066
5.413061958860159
10.049729567757582
3.8202821829190166
7.695395709426212
9.044130799874416
7.805240624421433
7.421968590717044
7.007181849196996
6.662482946900944
8.022010895552107
5.029169747676896
7.93458872727493
7.860793746316197
7.442453261405155
8.59605399144558
5.826081708600794
4.883093062976033
5.7738390606509284
6.458427096478113
5.60984888698299
6.528679365880153
9.21356340223703
7.3852921350094896
4.646664294221877
9.034620077140476
8.845935402782505
6.662889564693544
2.1685993749080383
3.5635539320966454
7.319350126729724
5.376953118320742
6.8458633074268125
7.701084593638495
6.2409462762650145
4.691556374025586
5.978937029525845
3.7926357249845393
5.950627948849262
9.448065223496053
4.990946524399793
8.747193286307896
7.291415162572823
3.0771692324282633
6.250486525970636
8.268957185562318
5.8996459887350285
3.7798769881474086
7.656841631454283
8.419812923021912
6.1691712218043655
7.007189158667512
6.241168371298604
7.335062457739704
6.753727564134426
6.3687773888222505
5.110024460421506
7.609318979381062
8.616009588779294
8.089539715049854
7.3275323827085295
3.440321987673939
5.574402536033885
2.621349091129127
7.756690520274879
3.339744052668342
6.050081882471787
8.132848799114234
4.156471242592122
5.712991323684282
3.7926357249845393
5.184386144417415
7.535510781583843
6.501775809448578
9.810873183787695
5.670409078786071
8.010432563658892
7.300793164397474
7.396699341254234
6.651907055212692
6.853228549044662
7.3998431898479815
7.282401547346627
6.452976524853845
5.0390983899181565
9.193839536285388
5.6549177496294085
8.979277590271924
3.9117741210509447
8.84044776869769
4.657226804162661
5.9516173231832346
6.18387199264034
7.112597266659879
8.61703139468719
4.557559968624597
7.24043320245859
8.401887930091398
8.069358168200491
8.898990708100351
5.701245890565234
6.179088976180315
6.818196559913847
9.814320388194549
5.325174467909878
8.562633999776674
9.814320388194549
6.335094303122439
5.023067602647231
11.832607851768755
6.530117965995977
6.780984023201239
3.7798769881474086
7.745846551677524
4.91821379066667
6.520193394412836
6.644890191523738
2.0524840303129332
8.667369662555949
4.249469436622823
7.889657709861378
7.651287324269099
7.88935381040112
6.568664793101423
6.260918003453992
4.669271495036142
8.285686205048762
7.716350291800147
8.698090778814079
8.027466972149815
7.502784595741032
7.243401808054771
4.9615761294878356
7.277710647909008
8.809486318928798
4.545981684042669
4.957350230759213
8.240182644468746
6.609986991597943
7.454903480788374
8.547154697566398
9.228090310981516
5.3243374253606515
6.558379720859625
6.289486348031435
8.387852343603653
8.216935278559824
6.191676817362682
3.4133215056758086
6.15988692890309
7.614331778740434
5.60237972418397
9.792258569438864
3.440321987673939
7.184268268777183
6.170650746415507
6.949952627161865
8.491378371856602
5.918224725010813
4.463283933696009
6.0840907479313735
5.827172932157529
8.718203147138043
8.88692081958713
6.6834970311540705
8.533373257154956
8.851239716614607
7.133113673296672
5.329426263287507
6.2685317656575
6.985120030441312
5.07391252668399
6.339665015899636
6.908824870986536
6.9579273784803535
8.432629228253425
7.189541544188399
6.842093241793607
5.96566885262233
6.87066158637105
8.616009588779296
5.826327995527008
6.593825587076525
6.151307617490364
11.832607851768753
7.171399691226616
5.989284647509679
8.080174265580835
7.053744425349366
5.120300017340901
5.018854795391002
4.771029882296942
7.733348483458997
1.0531478241110843
4.014073807037931
7.499682483440287
6.936388330493599
7.291339203369332
10.381865263458845
6.472104948035975
2.8128739225975172
7.989175573456659
7.436017721100775
7.618540761131394
8.663678341073824
6.920386297809759
7.782008261878625
5.094244287567546
5.081385400096318
8.530433345567799
7.678140509358362
6.64002741643494
6.434435358900729
6.565599150732922
7.438390016953427
7.4388244031539745
5.404302786520265
5.439397001346244
2.405258101081114
5.764769974095145
6.903598306798418
10.437546423531986
5.770782698340742
6.957624155581269
5.477997459617891
8.374153798010045
6.752038411678589
6.273260541539418
9.495836329555015
9.778180071312791
6.185397028296382
6.949952627161865
4.823120796558521
4.392321649785429
8.94904383392898
7.701084593638495
5.8037968296113505
9.11454849549457
5.845485048437803
3.1289478828391273
5.54585596243061
8.964478428395227
8.400299330329805
6.395112431308336
6.767652305833167
7.449926425386924
8.180591507903138
5.904374764616946
2.9323808601770027
7.349631854042411
6.692169542702563
6.8819471231331875
5.5481644572264255
5.404302786520265
8.40156242691799
4.798724087041961
8.448330097678493
7.88826660044596
6.076173187025104
7.703864170361504
7.837743281161329
6.502773794223241
7.96015951661667
8.057165620384664
8.919738809488505
6.172193469954484
2.6546138510264825
6.250496283598951
5.3474593468993215
7.8534145983920824
5.950146075204605
6.185135089228522
4.418656692271513
5.594583553096902
5.871801286514231
6.495143201841234
8.505186352678361
3.89747348159194
4.655418134961678
6.356252446736642
7.1035694017990885
4.262310817792935
9.525731679769756
7.058164338103654
8.438744001873843
6.1824550356123495
4.336709560160703
8.773558242271172
7.856861094029707
3.9408883458962616
4.884104512542698
4.669271495036142
7.278888361880354
4.289745894847085
4.193021816729882
6.449931546415943
7.969059153459719
8.204880446251774
8.313030376821498
8.058870868862588
5.8986466497391525
6.662482946900944
8.24233537595438
7.342546434699858
7.01191793454943
5.582817703569096
7.391097615303307
6.023928130322687
8.257471429840656
6.133246712225265
9.60064568889236
4.4449373427455185
5.818937183551816
6.989360373998619
5.983338459841757
7.446754229402628
8.257471429840658
5.155792047672704
7.927642714913315
2.801189862091985
5.820022636103367
6.4688750726157185
5.270564273200465
6.035291463336641
3.4959341398427926
4.393158692334655
5.850846704140296
5.9951626240437506
5.213462941498332
5.903660730196892
7.004695026437085
5.395867286854788
5.269671465800681
7.114941699987275
9.062935938495151
6.793213883999712
4.820831390155972
7.086480199458329
5.9562499001460765
9.815700532421094
7.191633917863857
6.416104074677783
5.930137744931113
7.099085888151317
8.471742241248831
9.001561523942655
8.199117238016862
6.003862379885652
5.762845810651193
6.348859115689234
6.762185948324065
7.1846072170469935
1.6379262416525902
7.873785259858796
8.091681026135909
6.6531159264781365
6.032312097520509
6.863237720945022
6.083927752958955
7.382615878851624
8.470666734461654
7.179878441165076
7.231751996936797
5.900643973509692
7.560189518076644
7.860793746316198
5.258985988618537
6.8458633074268125
6.457296788033791
6.423482753432426
8.116073326424495
10.384260108755473
6.773937508253846
7.9722483076690995
4.653713618696389
6.774323290668033
7.075789121430024
7.441480892148091
7.269763978907592
4.8281074174592415
5.920600571108963
8.183430829856565
8.268943748425524
8.499103963812727
7.596454426650664
3.011937647315524
8.013879768065745
8.873609634008407
7.413583824928978
5.758489777560023
7.146125199895852
6.054596976509953
3.1905059042709905
5.35591114200841
9.54875726963186
4.567373253431062
9.418388627183678
7.701215708864866
9.96482648394003
6.739808661143906
7.4568219316127555
6.515282983158056
7.789725267638482
6.588248766024076
6.147914089215718
3.7085706565074705
5.105403621875949
5.241913986702453
8.399143822954263
8.110360974922783
7.288681280542457
5.957711044876099
4.176609762360338
7.760243757247669
6.874416411519397
4.598066764839448
7.174614719909054
7.1110663824068325
3.9690033430860767
6.536980161830863
8.956540814536725
4.815799284896924
5.3243374253606515
6.073528237990589
6.107785249922828
4.583375286114903
9.735029347403731
6.632048810353627
9.381321800866026
6.662675771281142
4.129879557662457
7.326993200942723
5.917133501454077
8.011460452446103
4.120194420492437
9.209771251861358
4.627733032741242
4.81689344663637
3.9952333125018926
7.515883510915964
7.345088668779525
8.549024062080575
7.382666800233226
7.382666800233226
10.150633383338285
5.850846704140296
6.916439687968531
5.792384081188952
4.285290337366344
5.620398870587207
7.18724988363428
6.823751401079735
5.866144233238155
2.5456367738410566
6.614090280098812
8.040954223867523
8.972058055836104
7.932705639182899
7.977742260711107
6.626267809118939
7.6842459759651796
7.3643232003614205
4.1856565751120325
6.508056147240293
7.0164109404178445
6.234567514568201
7.252907775925207
7.980791606258837
9.476423630687993
6.13633580463379
5.255843439409938
8.613101231134156
7.92384014800719
3.0958710369994122
8.315723603286859
7.484528821469611
7.604734796234663
7.201911774483621
6.581066850239393
4.771359800142801
8.419812923021912
6.562573669509082
5.4751656371161195
10.727047207928669
5.419942161105134
7.828277770592537
6.455267231625809
8.675256625655752
7.93458872727493
4.553662226959155
4.876197556750202
4.10767195799739
5.530760211812557
3.870616229888055
6.8526163466841865
8.948999126184951
7.428922894833226
4.547865157606423
7.977742260711107
3.914440759488133
7.216370473403005
7.9555433096488635
6.8458633074268125
3.552452943794985
4.59649026975673
6.743654444480766
8.964839759083603
7.96488306605125
6.254897903943808
7.085999122722564
8.426541282369286
6.282115693059206
7.413122484956153
8.827827920648181
8.068972385786303
6.961238163924003
8.86075043934855
7.335050176329712
4.281447165923109
7.428922894833226
3.7085706565074705
4.369328831283558
6.347020690971118
8.452347675341494
6.067355713347084
7.934920091009005
8.599201996264318
6.172733032090552
5.436703695022169
7.554563246151895
7.909952493658639
7.545412891165233
1.9005375877843318
6.172733032090552
8.589158485219748
8.449537122122372
6.423482753432425
8.38150776752027
6.7059848553455215
5.125893825794099
7.94555512154252
9.46538903273018
7.358029695903121
5.308206735168971
6.910465080550309
5.687356527317886
3.679299053141812
4.657693210454214
7.876378594493563
5.603326550624455
6.624101078775027
6.339211059470144
6.988097277410436
5.436703695022169
3.8320481352424918
3.391498753468843
8.439873101874877
6.875669865190506
8.79779602126326
4.318823182588903
5.902818038588502
11.50054193629649
5.930137744931112
7.618540761131393
6.4458510580424555
5.019827378664454
6.943667424741186
4.816237047199234
6.319393433697373
6.145648769363236
6.423482753432426
2.824198507288155
4.8224244045900155
5.021804506059047
5.016492463998198
7.69734183400297
5.028403287857097
7.265416593235027
7.349055019698408
6.851582976076213
4.769849430041739
8.163362951284514
3.97343509247289
7.412804810565382
7.985243664628337
6.774862935097823
7.204108491330475
1.2863669242457794
9.034620077140476
5.674453927771119
11.087765677236991
9.209771251861357
6.145648769363236
6.803817062089454
5.865814315392295
4.493736627340251
8.683968720885899
3.5938703042427065
9.854168556465261
7.058841723855474
5.821000111574503
5.6125205188807445
6.0421949193719815
6.145478717073554
6.910465080550309
6.239684257647481
4.639784165988904
4.717371691515892
8.297525530139762
7.058937373628225
6.905844800187271
4.148149092592523
9.128079652633577
6.874644179806789
8.956859824417798
4.142477562649201
5.8213529327188756
5.315433635318965
8.586443259427188
7.64217974060494
7.829559116894879
6.594178086270041
5.892916853169473
8.535468079991047
4.990946524399793
7.495419354123182
7.621793552847679
6.981360141732178
7.108521389290851
7.174614719909055
2.633737335827238
4.650431514060957
6.588335807932712
7.25319193929572
7.340902957142495
6.689688667479212
5.212689905973761
6.622828372768054
7.007189158667512
6.608107538977526
7.77388463473983
7.877690868973873
6.448668449827759
7.795641332590963
7.258850787422848
7.3954815698199425
2.888079264932283
6.774323290668033
6.6383033817450405
7.991854601260826
6.644890191523738
3.163177677785133
8.562633999776674
6.483088549889928
6.508056147240293
6.675648301530675
8.114269833007569
9.643799222328536
6.609986991597943
7.099085888151317
9.195832416984906
4.731543562431655
8.65489508908933
3.4425436246212793
6.133193255425191
8.279909791030622
9.582294657696746
6.640326885267044
6.61053364501352
6.708096836392616
4.376095843293412
7.7932937986407635
6.619372302893108
8.005721977517066
6.82479131969359
8.393268935759064
1.186721938748311
7.497287558306741
8.18720657666663
6.0735282379905895
11.087765677236991
2.2524351093731005
6.314217897685028
4.582586241549725
7.070632949010272
4.283460692426406
4.148997509892859
6.315821390517519
7.201911774483621
7.837864649157726
5.981363213277093
2.9947110173146276
6.17762768697895
9.035884764908683
11.212225658438756
10.087399735633936
8.403854152989517
4.668434452486917
6.067355713347084
2.2074622478230412
4.387955782918598
1.7703813523737102
4.9449285435476
5.795364394354691
7.688610020171877
9.432585921285778
5.802921910617825
7.18724988363428
8.536718547988478
8.505186352678361
5.715041976036483
6.99999752750953
5.905465988173682
6.295168851214022
3.8029225824464175
7.88826660044596
7.6111752604411915
4.978187787562662
3.9860014353948268
6.688826701029672
5.715041976036483
6.522648224775906
10.61023570602955
8.858404013689123
6.176536463422215
4.462572363159437
7.996782049620257
6.8615641768518785
8.716587299929008
5.516389518073883
5.724628854601673
5.028403287857097
8.248739435209975
2.2747199883625444
6.105578936624186
7.410401919583007
3.2084936628784897
6.4458510580424555
5.865814315392295
7.289535709952407
6.033141863687957
9.541210981980033
9.915637512583844
6.58741172347485
5.9835128129257775
6.130764769496237
3.679299053141812
8.851239716614607
5.51162901910903
8.064741760554968
7.955543309648864
5.881560303377585
5.516803480972475
8.793793276514883
7.3998431898479815
7.318836651247687
6.514534546285708
8.015736877490994
9.331159598529487
6.699362850636829
7.289272074732231
6.2685317656575
6.096849484768503
6.233430215048491
8.70623404236786
7.326509932503741
7.758444930899996
7.8951567205941275
7.258850787422848
0.6152856981750341
6.866260945114955
9.312423616184258
3.606711685412818
6.927686021880964
10.062409710689716
7.227168066025095
8.887559085224087
8.052056246100474
8.117369496903956
11.286866729535653
4.561088051010382
8.165696463903506
1.186721938748311
9.94203448999574
2.1407235829615545
7.221502123606657
3.9690033430860767
4.63435729853202
5.351711142276951
6.083294057634742
5.053848031698845
7.270585181097618
6.0946998851198195
6.724825855879059
10.594756403819273
4.160990473762634
6.262246563236821
8.749281971689381
2.389723841300995
8.089539715049854
6.373050612552651
5.9990172780245725
5.333423120446606
4.549439976725089
8.957396164986761
4.729103110872933
5.8996459887350285
8.59595398216113
8.058870868862588
7.093801711119925
6.6383033817450405
7.403167864262512
7.162140146442438
1.3213425890888009
7.750940420303575
8.103288587660412
6.476537239612529
4.758224029239232
7.028143741041447
4.812628115248965
8.057033301501923
7.392681607553358
8.563998723640339
6.171807687540297
7.027058288489897
6.0346025802615095
5.567062366599924
6.1204879753881345
3.828979495641226
6.2887245875101065
8.06725483606041
7.499894581585216
6.701585437866803
5.225158516880379
5.296775177449908
7.292678259161006
5.635174100901665
7.1929337790292145
7.269763978907592
3.2415705087182047
8.477042145057043
8.169466779334378
9.21356340223703
9.004848250461594
4.896516707891653
7.006726663075086
6.234505438116956
5.764769974095145
5.821352932718876
7.978667687555084
4.267601279187275
8.180591507903138
5.79619277505227
7.645961256169027
4.650431514060957
9.079328982009157
6.162220808975108
4.639784165988904
7.289272074732231
4.983581282781945
5.8686425575788945
6.296089829127955
9.27537594099849
4.7461990061677
6.589504097150308
4.9220232613500805
6.565599150732922
8.002574328092303
7.794555880039413
8.322841332492178
9.675440416180727
8.347976372391074
7.003823099235477
5.920600571108963
6.670705509014044
4.940420042285329
7.5404307328660485
6.2409462762650145
6.184311575744832
6.971368257923992
8.297525530139762
5.075909850454529
7.731155038311738
5.1831230478292305
6.6279565141233725
7.677918942143572
3.9965891974726935
7.402712021146506
8.876229741558825
7.464104445070387
3.3427719762952846
7.749984714576385
6.8615641768518785
8.703540459061262
4.870244610939217
1.7703813523737102
7.928303524854251
8.716136018500942
8.199117238016862
7.845820000459164
7.381432439436211
6.038833515735718
8.9146610912154
4.18680579125294
6.992774931468924
9.785883158843475
5.523088683393153
6.6283528741526565
6.546602974345738
6.565599150732922
1.8034581982134252
5.877723593860763
6.319393433697373
8.537930326175545
4.877609852557066
3.229992224136277
9.367272670482294
6.530117965995977
7.146125199895852
6.243757390405081
7.464946936833005
6.924845318454485
7.487623687748707
4.900812769499878
6.87481600552695
6.640326885267044
4.312857113697606
6.181992540019923
8.119826197226047
4.669985540999792
6.423482753432425
7.228031145320618
7.044698048006506
8.923266978682141
8.765142849768747
8.256274192975575
6.286352032585102
6.774323290668033
5.773969079770299
8.102512245299387
4.598066764839448
7.391097615303307
10.374317254540834
10.124696247002158
2.722878163257855
3.768199063398698
6.324485943119786
7.797265774471883
10.121577778097397
8.119033486471274
4.979316887563696
6.3687773888222505
7.140949424942045
8.475643789863103
7.361397500225788
6.0946998851198195
11.63896747432581
6.2573820321964675
7.312544549950557
7.770074567736094
8.67162731330195
8.345481898242397
8.354549965649676
7.703864170361504
7.349631854042411
4.525357019514594
8.214256464355199
8.091681026135909
7.4323146739167125
6.4921387263517705
7.176707363716376
6.865301810794347
7.602248839894821
3.5403477419356526
2.2074622478230412
3.534712185719124
7.158824500905242
8.089539715049854
8.360450945857691
7.565702950352458
4.523282131435893
8.499103963812727
5.421224392811893
5.950627948849262
5.885680606181845
5.864551218804111
8.037397588782232
6.241511849765924
7.375612439997558
6.986276767731205
8.136555216712491
4.0436031872872
6.325797639643397
9.632363901851477
4.970822545944813
10.675807813241327
5.42636460527595
4.721050145447006
6.021761199091397
7.316859746811774
5.044630138367179
6.1559670546416445
3.9439713367751343
6.250486525970636
3.5556470809656036
7.306001094218674
8.216935278559824
8.432629228253427
4.809253105574044
7.8017243322759695
7.9106438204272145
5.452467155796405
2.8798734556860333
4.7094718608650785
7.350747516906652
8.597083082162165
8.296301357335054
6.514534546285708
6.935212163283991
5.475231791652268
7.033856996454941
7.19974757098746
3.9695205209463906
6.698663343683925
6.803817062089453
4.424902774024193
9.158470316031924
7.383950886464014
5.238762159489905
10.594233896643685
6.113421524380375
0.7239756313862966
6.537547368225588
7.237417160122705
7.114941699987275
7.093265888712663
5.727070830385469
1.1948619206504976
8.75743976223806
8.120802102306413
7.186262794194348
5.377399584908337
3.822544030004329
6.093674959195955
6.456033691445607
7.796369870962156
3.4094667787815647
7.654344490860861
7.889657709861378
9.367272670482294
6.973435386561093
5.851867401873077
4.544718587454485
9.380443795018156
7.621747539508507
7.2787313456417895
7.292678259161007
7.877464047045114
8.488471260735276
6.233430215048491
6.909007600998757
9.823200780718722
5.36192028269806
6.681400826634112
4.211246213345721
8.362348607681678
3.5466329443563316
7.867595891105694
8.024563408310208
6.793213883999712
7.927640414221414
8.536718547988478
8.626611514756172
6.345077734435382
4.518775724048632
9.226906871566104
8.70815736248861
6.671343637341314
7.877690868973874
7.1189550179737004
8.399143822954265
7.24043320245859
6.582655991441415
4.493736627340251
8.183577755619712
10.12261924911935
5.657372259244219
8.002574328092303
5.742947913721832
6.949952627161865
10.630896720701031
5.892486182961012
9.059610102084694
7.758444930899996
8.107220508533057
5.127486840228143
3.895172052180402
6.883147507930474
6.185135089228522
6.0372405013016746
5.956875210770161
6.976990209220807
6.346715570066566
4.722207604647103
8.787104924812107
4.618206890588928
6.581066850239393
6.632048810353627
7.4542396289852215
7.663232555878999
7.058937373628224
4.996618809663714
4.512490521627953
8.536718547988478
3.9117741210509447
6.861974624356837
7.651673106683287
8.110360974922783
7.028143741041447
9.65695008479998
7.368563115523046
7.4323146739167125
6.839502358096194
7.520930529071075
8.141998565164673
5.397927375924878
8.889088936218682
5.081385400096318
7.430512036035248
10.646376022911308
4.415443571324099
5.087348781341716
8.166865508970583
6.085730957495146
7.779478485997805
6.297108554707929
8.354754752174893
3.416832020399413
3.596533576724379
8.673246120284942
6.290411774875412
6.047633035508127
5.8986466497391525
9.079640786546406
4.2522134915266285
8.858483590236059
6.630169357733211
7.608856483788635
1.73032974377884
5.866144233238155
7.608988802671377
4.1856565751120325
6.08194114828269
7.20083302353901
8.716399653721119
4.833672771326084
5.545784268502169
8.899526508280118
5.647854919613684
5.716609838615796
5.81447777521597
8.477042145057043
5.483342280843257
7.749099723986628
5.269431005677172
7.088335495276895
6.640390892291698
6.274351765096154
7.347750234363838
6.619372302893108
6.308363992310701
6.927890808406181
3.228729127548093
4.96804872825359
5.903207917464528
6.611250088186126
7.46536754165857
8.663678341073824
9.223233814730868
8.904353856913518
5.154202906470681
4.10992586931542
7.281381047698977
9.582538206758034
5.020786512985062
7.333977005188153
4.758533084527671
8.703540459061262
7.801277288594407
4.62765670550158
7.2787313456417895
8.96158307894865
6.501775809448578
8.037151249492574
6.349913363888049
5.20674093191612
9.226906871566104
7.326509932503741
5.918224725010813
6.960988399834941
11.913400404782513
4.545226149336978
8.161207206306171
6.406180831332408
6.424408180276402
6.405051731331374
9.64301124992353
3.34449585637409
6.921605605985501
3.8308589482616417
5.601279797272735
8.439873101874877
4.148149092592523
6.073014561474212
5.8566667035789495
7.081093435262126
9.810873183787695
7.701084593638495
7.007189158667512
6.2355756961645845
8.6884907233107
4.099841993731795
5.030762762110939
3.362028931657786
5.8686425575788945
8.201868467515972
5.481960927217824
6.920386297809759
6.822585145968967
2.6662015754771127
6.20050382164791
6.077295457829669
7.2482168764875885
8.298368485972155
8.96158307894865
6.434382507780376
4.142477562649201
5.674453927771119
5.318470750395414
8.563867462511672
5.905465988173682
6.988097277410436
3.4530807245110697
6.999677338600574
7.528766280716449
8.16563135220489
6.528902288065607
4.795664747532045
4.531177018953247
6.383026861678529
7.5169036657577255
6.397686489713525
6.949874054133333
6.218824720386156
6.23423759672234
7.560057199193903
5.970779238977165
8.812105069376617
7.295430178082708
8.992566894121168
7.774686750217028
3.0403363527803906
7.7968106869810345
6.118420317794298
4.707652179062254
6.88831603270147
7.109854604219767
5.269431005677172
7.598333879271079
0.5058094448955264
7.013130526102564
8.899526508280118
6.449931546415943
6.45004312928029
4.718784825594525
6.766572266635997
6.594178086270041
5.396826569187143
7.009288897677674
9.36614357048126
9.134272361446213
7.300793164397474
8.95532903634966
6.4271138472391325
5.377399584908337
7.2416836704560215
4.718784825594525
8.126587390235622
8.18720657666663
5.754122626023093
7.935800505461995
7.382666800233226
6.102508332895631
8.59595398216113
9.530152531429124
8.155430713928036
11.913400404782514
6.626267809118939
8.088289247052423
6.523016111308675
6.839502358096194
8.960495272732139
5.9763039204938
6.90309983893246
5.5240310762470015
6.901718854178004
7.722953772896666
6.502773794223241
6.444541722784482
8.730120055895451
5.138735206964211
6.346737605470109
5.676333380391535
10.437546423531987
7.7021411357088425
4.7937374661412395
8.547154697566398
9.988389814918657
7.753439917301182
11.401086309021162
8.167832771066006
9.555225451191177
4.771359800142801
5.194582423839436
2.824198507288155
6.05403060841444
7.044698048006506
1.583314554430896
4.741237019988025
5.9081985139709925
4.459767706980083
7.505229659646009
6.931069419754442
6.308076403898419
7.545026369481819
5.983512812925777
6.630338697160699
6.078365715877297
3.542888344128473
4.044673445334828
5.796192775052269
10.339230352154265
7.599596975859264
9.60064568889236
8.675256625655752
9.044130799874416
7.476945826240498
8.537930326175545
4.777018648269929
3.920860117924613
8.71653197260386
5.877562668406257
2.8989086735506624
6.774323290668033
6.45004312928029
9.277014502050303
7.598333879271079
7.029243667952681
8.581424643330042
8.148263426577119
9.172077518411529
6.208582747601735
8.153576849746601
5.306030646441074
6.043961908638483
6.738003922058554
8.148263426577119
9.894991573211911
4.466052909400761
5.158265322033838
7.512594901263858
7.95447575475917
8.396352749072287
7.178376928942133
7.460695141455375
6.036686867159817
3.852924650441736
8.746214070498436
4.048367847883557
1.8034581982134252
7.254036875926241
6.118420317794298
8.749281971689381
8.299628670955084
6.766572266635997
3.798294573111667
7.718517630964882
8.432629228253425
8.710905700679112
5.20109257035466
9.337507764195925
7.24043320245859
9.455782229255911
4.862622404262723
6.137287455614079
7.383113843914788
8.2264545404567
5.762845810651193
5.951891045437446
7.42083949071601
4.7094718608650785
5.2966070318945775
5.083341803120264
7.051427275531465
8.292324770736368
10.387491535383592
6.57176376832084
7.120040470525252
6.973435386561093
3.3955604608213044
8.91744734341062
5.870201303971568
8.298368485972155
10.08586988463934
5.69317652675654
6.715134621395961
7.44677398415125
6.8874855609769
4.05472634719144
7.089004563651148
7.059433956506105
6.527022835445192
6.92245342644686
6.049892639935542
8.95532903634966
8.103288587660412
7.977874579593848
5.921979954382432
7.8534145983920824
6.053635940838128
8.108171093426513
4.160048301832019
6.633311906941811
5.438511139752604
7.545026369481819
6.865375083521316
8.802430863034903
4.6787149928554745
8.88692081958713
4.756377373928492
7.603400407190927
9.281203969004771
9.469335113614672
8.731024526521445
2.61689144270834
4.428632941397391
5.873324267167082
7.659043690819771
6.875285727026074
5.619885760498593
8.982477950872852
7.986560061723136
6.619372302893109
3.492567044376356
4.010498776699263
7.309494505193925
6.64864369025836
3.099454111417707
7.907575919236267
5.96970307860278
3.0305418698088697
6.179088976180315
6.315821390517519
4.195226407978268
6.105578936624186
11.364945992139404
8.75842145540923
6.023354213525442
6.181288088780868
5.759315681817939
5.338638064819657
6.823801488671128
6.289486348031435
5.7888275334344215
5.625351420277301
6.243733486713264
9.28785051446511
6.927890808406181
9.86322050913244
4.504033176196975
7.272239360052469
8.534054633534936
6.611250088186126
5.773977572667281
2.888067891753485
4.6803080072895185
5.986258541187441
7.831732973317334
9.945102617988388
7.217548030300321
9.126950552632543
5.020786512985062
6.805919257818399
6.740968827297295
5.69317652675654
6.2021337079635
7.956981909764689
6.5445931145217155
7.496403034913429
7.688610020171877
5.625351420277301
5.481960927217824
1.9574481503165246
6.758096875355195
6.747906239858397
7.370630244160148
6.489373752310606
6.1133347185282725
9.58949539695482
5.179613060134046
8.347976372391074
6.6333119069418105
6.290411774875412
5.243841565245333
7.446745690239694
7.929640010645133
6.480488915233797
8.292324770736368
6.270140769033598
5.184716062263274
6.577422616447967
5.547058364261149
9.756118252557107
8.692678060278332
6.752038411678589
7.616121267583758
7.396153273226739
6.417810468168504
3.231159184531363
8.541805643755987
8.135942456246879
9.359569582951611
7.25319193929572
6.273510651414989
4.544718587454485
7.595317852077557
3.89747348159194
6.158407506200367
6.096849484768503
7.6206045161431994
7.409330631732554
4.876197556750202
5.28860059547311
6.581066850239393
8.59394777002361
2.846484577215689
6.274773748003174
7.425926232066811
8.471742241248831
7.749325278657031
5.9374592565927085
7.602248839894822
5.9634693300193735
7.137134779871627
0.3619878156931483
4.657226804162661
7.117412803871606
6.568664793101423
10.473686740413743
7.492874865719793
9.289193407878544
6.766572266635997
4.679978089443658
8.889221255101424
7.345088668779525
7.348568425404464
4.994451470498978
4.262614658286553
9.972910512708381
5.576552135682569
3.282937834942227
6.4212231107839655
5.973997035242706
8.536718547988478
7.300793164397474
7.139855267452994
6.514534546285708
5.804888053168085
8.964839759083603
7.431540069920411
3.229992224136277
7.269763978907592
6.1843113166724795
7.058937373628225
6.0057976919152205
6.667626848723527
8.029996596379345
7.830499407539878
8.243046723866058
5.632375617403406
6.0496822884642345
6.304473796325778
2.0195960437056604
4.840118888867271
6.343284701587922
8.592697302026178
5.978937029525845
10.573245307005394
9.315680296319211
9.27537594099849
6.852616346684186
7.316859746811774
7.314107875365769
6.071688690793402
8.227554467367934
9.485112898681821
5.917133501454077
3.9336188547617437
3.731077703552676
3.3827190796511926
4.5566488691570655
5.331232931586483
6.630169357733211
6.547163961109613
3.0403363527803906
8.216620782923647
6.787387877183432
4.809253105574044
5.64376900524156
5.258795937805702
5.980526170727867
7.006726663075086
6.774323290668033
8.141564261257848
4.769849430041739
6.727942040519691
10.387491535383592
7.174614719909055
3.6259239851471476
7.977742260711107
7.621793552847679
8.376816570930577
7.603033776960382
6.345630117515016
7.401931237059047
9.193392903437061
8.140735468576489
5.83167244722134
7.292678259161006
7.447854156313863
6.525820083047846
4.92938850296793
3.5707853205517486
5.060461204719465
7.078322408909648
4.148762765069881
6.24636956661929
9.031172872733622
4.870244610939217
6.732894590209785
6.9021286699825515
7.877690868973874
8.363979261064914
5.306030646441074
4.044673445334828
4.530085795396512
6.554020866150995
5.930137744931112
7.178376928942132
4.6555930713168046
6.405088680434212
8.69801785126963
5.269431005677172
5.340788362064455
7.457856207807985
5.433161642623092
3.0867708924238175
7.001270586477378
6.21945003101024
3.8720608333298805
7.848511997229779
8.19087834509433
2.40399500449293
9.74011644317124
7.425881221793285
8.413081768558731
8.057033301501923
4.392148154488423
9.792137201442467
4.918803403653769
5.9763039204938
5.201921189905311
7.558973814786903
6.766572266635997
9.207648032842629
8.201868467515972
6.752650042314017
6.514534546285708
5.131515777090914
8.864859000831446
7.775723059457945
8.807629778796315
7.775746853000014
7.162140146442437
9.916513946553298
1.2863669242457794
6.501775809448578
4.5566488691570655
5.030432844265079
8.24467794980411
6.351968809038846
6.631574246179484
4.4449373427455185
8.06725483606041
5.242984244750081
7.431540069920411
2.0195960437056604
8.904353856913518
6.971155979919125
7.651287324269099
6.1691712218043655
5.580317905428285
7.3300718612332405
6.232974500134157
5.80405101061886
8.508363996823437
3.820036663834463
6.078365715877297
7.756690520274879
5.9106123830026185
4.822094486744156
7.463438216138409
6.132583503161625
4.7570080488716275
6.473207464871135
9.154718474185701
5.855575480022214
6.777857803398135
10.202775509605909
4.7570080488716275
8.244137947422793
7.248203439350795
9.582538206758034
7.363187836131939
6.113566789097337
8.645690176965822
6.562311629687947
4.6538110174739575
7.454903480788373
6.480711975467557
2.9871625588771136
5.978937029525844
7.88935381040112
6.710414729237008
6.172193469954484
6.928433607058933
6.201687241375905
7.530563427772483
2.721898821301169
8.089539715049854
7.211688763814818
7.903799089531198
5.053624971465085
5.6905488601028935
5.983537975814295
8.231656112350352
7.801922380417808
6.632048810353627
8.222925685938637
6.118548947396521
6.155967054641645
7.590435771973638
0.30764284908751705
7.609318979381062
8.115690644798384
6.823801488671128
7.10490588758997
5.25597575829268
4.639761887090227
4.877609852557066
6.472104948035975
4.885603516406909
6.289486348031435
7.254036875926241
5.242984244750081
9.061563837200804
7.572342660842265
3.5707853205517486
6.2510987283311135
4.769766785708757
7.178376928942133
5.842307515092811
6.977108346354548
4.377187066850148
8.630995445209377
6.80479216858164
8.089539715049854
4.9209530033024524
6.513061346210716
4.335813656650975
7.656841631454283
6.346737605470109
7.701215708864865
7.536773878172028
6.229073561526193
7.413583824928978
6.464262061615983
4.051463433695039
3.4347271742299252
8.027466972149815
6.331580987131286
6.1655224851196175
7.770432734626028
5.994471942022752
8.053131752887651
5.70831110969182
5.878618806704773
5.120871719961604
6.185135089228522
3.1289478828391273
7.349055019698407
8.673246120284942
7.185353721328734
5.4257524029154744
3.507270896095938
6.690505553135244
6.713871524807777
7.397643182745876
8.015736877490994
6.949952627161865
7.977874579593848
8.338320634702454
7.557907599545219
7.13147130025517
9.792258569438864
8.876229741558827
2.578342473286864
2.21852122098416
8.645084783566503
6.766572266635997
5.778993946923051
4.746865462937312
9.306169573585267
6.921384282584422
7.517704233112626
8.956755730315251
7.058841723855474
8.413081768558731
9.519471560009512
5.0233975204930905
8.939555189569889
7.292678259161006
3.971842078038846
7.886449345755685
6.452976524853845
7.0254901391953375
8.169466779334378
9.700240471958661
6.61053364501352
4.388288055151808
7.619443511900192
7.007189158667512
7.603400407190927
9.825283821478102
6.844160370430707
7.747645752260925
6.730200111228845
6.383026861678528
5.827172932157529
4.121099244473509
6.251054998374861
3.0771692324282633
8.008421371917603
9.432585921285778
9.383088916756407
7.29706524774028
6.23423759672234
8.396352749072287
3.1710180318683046
7.911269131051297
7.450792074091398
4.409423471813915
7.332329931942393
5.403667871201672
5.516389518073883
6.9579273784803535
6.473207464871135
9.10432521955274
5.553837233928096
6.319393433697373
10.646376022911308
7.685635947903429
9.546287171806327
5.523088683393153
6.550878316942395
5.9562499001460765
5.419937788037664
3.95368200589429
6.599484435203651
4.369036935637901
6.6113727582754125
8.23165611235035
6.532267565644661
5.127156922382283
9.367272670482295
5.023221599563753
4.721050145447006
7.275561048260324
5.029169747676896
9.395923097228431
3.380382207624294
10.202775509605907
8.117369496903956
7.656737895893366
9.762640588915641
6.10684203321237
8.204880446251774
7.2787313456417895
4.19848747650859
7.93458872727493
4.101090662531428
9.019080594743325
4.975807748682469
5.919515118557413
4.916288438936468
9.077043139411082
7.487409894336306
6.782273136061063
7.85342850469835
6.984209639094104
5.970779238977165
6.333379813478958
8.20425513562769
6.219097312400316
3.986968601636195
7.949173916133664
6.778465359804323
6.995898763411773
6.612477211913095
6.625192302331762
6.5102057468889765
4.9220232613500805
7.611175519513544
8.791789145897663
10.594233896643685
5.954019041504356
6.581066850239393
8.345481898242397
6.937115317296202
4.1494121891807065
8.13702790879843
7.819757167023401
6.871587013215026
6.423482753432426
6.927686021880964
9.233282282161491
5.053848031698845
6.46150983099787
5.088467847769394
5.418999363658101
8.245215068775751
4.7658983261455194
10.647934903773885
8.276454588305825
6.1733064989976985
8.77065346025752
6.003648092266537
5.842307515092811
5.452467155796404
8.186250356030264
1.7345067928562288
5.842307515092811
8.495376047155535
6.581066850239393
7.2510116914072125
5.105403621875949
6.871033931648444
6.602412327621736
6.527022835445192
8.315723603286859
5.083603502177618
6.537547368225588
6.480488915233797
7.223368029738975
8.313030376821498
6.464262061615983
9.121794450212898
6.949874054133333
7.86129930266944
5.47153738910354
7.96015951661667
6.6698481885187935
6.619372302893109
9.059610102084694
2.9328175922714825
6.401197874442982
8.924606760409855
6.155935606554429
9.932247819069012
1.216518768117185
5.920600571108963
6.083927752958955
8.271024314199419
4.983581282781945
4.361963589665709
7.221502123606658
6.551500520887287
2.903958259258081
9.63094002766868
5.749843419947664
7.927640414221413
4.499603302305489
10.473686740413743
7.384574988644811
0.791657277215448
6.589504097150308
5.515391061690124
8.448330097678493
7.931205389625039
10.780605457112001
6.245815881304268
8.650266600711532
4.758601063305671
6.931946792525206
6.103699484003771
5.430004198293104
5.47526472621384
5.00225709958793
8.328582797946716
6.145648769363236
7.204108491330475
3.8321220448498257
7.3954815698199425
7.685294374634683
6.426013920327898
7.671843918827208
4.504870218746201
5.1645505244545165
9.795393881577418
5.051056384182663
7.252907775925207
6.162220808975108
6.86437638395037
5.892916853169473
6.1914139811320235
8.119033486471274
5.443797642602338
1.8778819471662471
4.439280289469443
3.8848776710611475
5.893360786314349
7.678140509358362
6.7811820713430775
2.934029387849369
7.2914151625728225
5.689174761561647
10.08586988463934
7.22287401703823
3.1710180318683046
7.6206045161431994
8.360450945857691
5.477997459617891
4.395519443606911
